& (135,1) (551,1) (764,1) (797,2) (1638,1) (2049,1) (2886,1) (3157,3) (3168,2) (3396,1) (3954,1) (4178,1) (4372,1) (4386,1) (4729,1) (5092,1) (5402,1) (5608,1) (5630,1) (6041,1) (6273,1) (6287,1) (6425,2) (7158,1) (7167,1) (7193,1) (7504,1) (7709,1) (7736,1) (7963,1) (7964,2) (7990,1) (7997,1) (8322,1) (8580,1) (8741,1) (9031,2) (9036,2) (9204,1) (10096,1) (10439,1) (10892,1) (10895,2) (11143,1) (11144,1) (11349,2) (11527,2) (11940,1) (12356,1) (12538,1) (13089,1) (14099,2) (14604,2)
' (59,1) (307,1) (3396,1) (4944,1) (5092,1) (7193,1) (7504,1) (8117,1) (9667,1) (10091,1) (11371,1)
'' (797,1) (2618,16) (2881,1) (3168,2) (3396,7) (3701,1) (4524,2) (4944,17) (4988,3) (5896,3) (6079,3) (7355,2) (8574,1) (8746,2) (9036,2) (9203,3) (9667,1) (10091,11) (10268,7) (10633,3) (11144,5) (12732,1) (14055,3) (14293,1)
'd (3396,1) (8574,1)
'll (2618,2)
're (3168,1) (4944,1)
's (59,1) (135,1) (338,2) (764,5) (797,2) (2618,8) (2881,1) (3157,13) (3396,15) (3533,1) (3701,1) (4524,1) (4944,6) (4988,2) (5630,1) (5896,1) (6079,1) (6425,5) (7355,1) (7964,3) (8117,7) (8322,1) (8574,1) (8746,2) (9203,9) (9667,2) (10091,4) (10268,7) (11144,6) (11349,2) (11385,1) (12500,1) (12732,1) (14293,2)
( (59,9) (4524,1) (4944,1) (4988,1) (5254,2) (5630,1) (5896,1) (6079,5) (7167,2) (7355,1) (8117,2) (8580,1) (9203,1) (10091,3) (10268,3) (10633,1) (11371,1) (14055,1)
) (59,9) (4524,1) (4944,1) (4988,1) (5254,2) (5630,1) (5896,1) (6079,5) (7167,2) (7355,1) (8117,2) (8580,1) (9203,1) (10091,3) (10268,3) (10633,1) (11371,1) (14055,1)
, (59,6) (95,2) (135,3) (307,3) (338,1) (551,4) (764,2) (797,4) (1069,8) (2618,41) (2872,3) (2881,8) (3157,6) (3168,7) (3365,6) (3396,16) (3533,3) (3701,3) (4372,2) (4386,6) (4524,13) (4944,37) (4988,26) (5059,2) (5092,4) (5253,8) (5608,2) (5630,3) (5896,16) (6079,11) (6287,2) (6425,1) (7158,1) (7355,16) (7504,2) (7736,3) (7963,1) (7964,1) (8117,21) (8322,4) (8574,1) (8746,35) (9031,9) (9036,4) (9203,27) (9204,5) (9667,47) (10091,20) (10096,1) (10268,52) (10633,12) (10859,2) (10892,1) (10895,1) (11143,10) (11144,13) (11349,6) (11371,3) (11385,4) (11527,1) (11940,1) (12164,1) (12356,7) (12500,4) (12732,2) (13089,2) (13270,6) (14055,6) (14099,4) (14293,5) (14603,1) (14604,2)
- (59,18) (3396,1) (5254,2) (7167,1) (8580,1) (10091,3) (13270,2)
-- (4988,3) (9036,1) (9667,1) (10268,1) (10633,2)
. (59,11) (135,5) (307,4) (338,4) (551,6) (764,2) (797,4) (1069,7) (1638,1) (2618,42) (2872,2) (2881,6) (3157,6) (3168,3) (3396,15) (3533,4) (3701,6) (4178,1) (4372,3) (4386,4) (4524,9) (4944,47) (4988,17) (5092,6) (5253,8) (5402,1) (5608,2) (5630,5) (5896,18) (6079,10) (6287,4) (6425,6) (7158,2) (7193,1) (7355,12) (7504,4) (7736,4) (7963,4) (7964,5) (7997,2) (8117,13) (8322,4) (8574,5) (8580,1) (8741,2) (8746,37) (9031,5) (9036,6) (9203,24) (9204,6) (9667,24) (10091,19) (10096,3) (10268,30) (10633,8) (10892,2) (10895,4) (11143,4) (11144,13) (11349,11) (11371,2) (11385,4) (11527,2) (11940,1) (12164,6) (12356,3) (12500,2) (12538,1) (12732,10) (13089,3) (13270,4) (14055,7) (14099,1) (14293,3) (14603,1) (14604,3)
... (10633,1) (12732,2)
0 (1069,3)
0.1 (4944,2)
0.2 (2618,1)
0.3 (2618,1)
0.3-0.4 (4944,2)
0.4 (2618,1) (4944,1)
0.5 (2618,2) (4944,1)
0.6 (3533,1) (4944,1)
0.7 (2618,1) (4944,2) (8746,1)
0.8 (4944,1)
0.9 (4944,1)
1 (8322,1) (9203,1) (11371,1) (12732,1)
1,010,249 (3954,1)
1,042,000 (8580,1)
1,113,500-share (11143,1)
1,157,883 (1264,1)
1,211,465 (7193,1)
1,295,187 (7193,1)
1,339,000 (7963,1)
1,391,000 (1638,1)
1,485,000 (1638,1)
1,579,000 (7736,1)
1,627,250 (3954,1)
1,627,603-share (7997,1)
1,694,000 (8741,1)
1,750,000 (7504,1)
1-10/5 (12164,1)
1-5/8 (11144,1)
1.1 (4372,1) (8746,1)
1.16 (1638,1)
1.2 (4944,1)
1.25 (7736,1)
1.3 (2618,1) (4944,1) (7963,1)
1.36 (3954,1)
1.4 (9667,1)
1.5 (4988,1) (7964,1) (8746,1) (12732,1)
1.50 (9031,1)
1.55 (3396,2)
1.6 (11349,1)
1.61 (307,1)
1.69 (5402,1)
1.7 (4944,1) (8746,1)
1.71 (5402,1)
1.8 (11349,1)
1/8 (3533,1)
10 (1069,2) (6041,1) (7355,1) (7963,2) (10091,1) (10268,1) (12356,1)
10,000/2,000 (12164,1)
10,500 (12164,1)
10-13/4 (12164,1)
10-3/4 (7964,1)
10-year (3396,1)
10.2 (5253,1)
10.4 (12356,1)
10.5 (551,1)
100 (59,1) (5608,1) (5896,2) (7355,1) (11144,2)
100,000 (3701,2)
101 (5896,1)
101.2 (8746,1)
102 (11349,1)
107.5 (4372,1)
11 (7997,1) (10895,1)
11,989 (1264,1)
11-1/4 (3533,1)
11.0 (4988,1)
11.5 (4988,1)
11.8 (4944,1)
11.9 (3954,1)
110.9 (5253,2)
111.5 (5253,1)
111.7 (5253,1)
112-1/2 (59,1)
113,000 (2618,1)
114-1/4 (11144,1)
117,000 (2618,1)
12 (2886,1) (3396,1) (3954,1) (4372,1) (6273,1) (8322,1) (8580,2) (10895,1)
12.8 (135,1)
120 (59,1)
1200 (3533,1)
125 (59,3)
129,000 (2618,1)
129.25 (12500,1)
13 (1638,1) (2886,1)
13,500 (12164,1)
13.1 (7997,1)
130,000 (8117,1)
132,000 (12356,1)
132-1/2 (59,2)
135 (59,2) (7355,1)
135,000 (8741,1)
137-1/2 (59,1)
137.8 (8580,1)
138.74 (12500,1)
138.94 (12500,1)
14 (10439,1)
14.2 (4729,1)
14.5 (7964,1)
14.6 (135,1)
14.60 (9031,1)
14.8 (2618,1)
141.75 (12500,1)
142,000 (2618,1)
145 (12500,1)
145,380 (7193,1)
15 (2049,1) (4944,1) (6287,1) (7167,1) (7709,1) (9667,1)
15,000 (2618,1) (10268,1) (12164,2)
15-3/4 (11143,1)
15.1 (4729,1)
15.2 (3954,1)
15.5 (7964,1)
15.50 (9031,1)
15.9 (7355,1)
150 (9667,1)
150,000 (551,1) (5630,1) (9203,1)
156,726 (1264,1)
16 (4178,1) (7963,1)
16.90 (9031,1)
166,000 (2618,1)
17 (2886,1) (7990,1) (10091,1)
17.5 (7167,2)
17.9 (7355,1)
175,691 (135,1)
178,101 (7193,1)
18 (4944,1) (7167,1) (8322,1) (10091,1) (11144,1)
18.53 (10268,1)
18.7 (2244,2) (6273,1) (7355,1)
19 (4729,1) (7355,1) (7709,2) (8746,1)
19.7 (5092,1)
190 (4988,1)
1966 (2618,1)
1975 (10091,1)
1979 (4944,1)
198 (7736,1)
1980 (2618,1) (3396,1) (8117,1) (8746,1)
1980-84 (8117,1)
1983 (6425,1) (7193,1)
1984 (10268,1)
1984/85 (10268,1)
1985 (4944,2) (10091,1)
1985/86 (8117,3) (10268,3)
1986 (1638,1) (4372,1) (4944,3) (5092,1) (5608,2) (7736,1) (8746,1) (9667,1) (11349,1)
1986-87 (11385,1)
1986/87 (4988,1) (10268,1)
1987 (4372,2) (4944,2) (5253,1) (7736,2) (8322,1) (8741,1) (8746,1) (9667,1) (11349,1) (11385,1)
1987/88 (10091,1)
1988 (2881,3)
1988-92 (9667,1)
1992/93 (8117,4)
1994 (8322,1)
1st (1264,1) (4372,1) (4729,1) (6041,1)
2,000 (2618,1)
2,176,000 (8580,1)
2,300-mile-long (11385,1)
2,407,186 (3954,1)
2,446,901 (7193,1)
2,500/1,500 (12164,1)
2,500/4,000 (12164,1)
2,506,250 (4729,1)
2,677,000 (1638,1)
2,853,000 (7736,1)
2-1/2 (59,2)
2-1/5 (1264,1)
2.18 (3954,1)
2.2 (4372,1) (5254,4)
2.4 (4372,1)
2.5 (4944,1) (8746,1)
2.75 (11349,1)
20 (307,1) (2618,1) (6079,1) (7158,1) (8580,1) (9667,2)
20,000 (4386,1) (6079,1) (12164,1) (12500,1)
20.24 (9031,1)
200 (3396,1)
200.2 (1638,1)
2003 (7964,1)
205,000 (135,1)
207.6 (1638,1)
209.1 (8580,1)
21.5 (12732,1)
21.50 (11349,1)
210 (4988,1)
212,000 (12500,1)
212.75 (3157,1)
215 (9667,1)
22 (4944,1) (6273,1) (7158,1) (9203,1) (13270,1)
22.5 (12732,1)
221.8 (5253,1)
223.2 (5253,1)
225,000 (8746,1)
226,791 (6273,1)
23 (7997,1) (12732,1)
238,000 (135,1)
239 (8322,1)
24 (2049,1) (6079,1)
24-hour (5630,1)
24.0 (6273,1)
25 (95,2) (2872,1) (3396,1) (5092,1) (5896,1) (7158,1) (7990,2) (9031,1) (10268,1)
25.65 (10268,1)
26 (135,1)
26-feb-1987 (132,2)
26.375 (7963,1)
27 (11143,1)
270,000 (8117,1)
278.88 (2872,1)
28 (6041,1)
280,000 (8117,1)
281.23 (2872,1)
287,000 (2618,1)
29 (59,1)
297,000 (1638,1)
3,006,372 (4729,1)
3,220,000 (6287,1)
3-mo (3365,2)
3.0 (7963,1)
3.04 (10268,1)
3.16 (11349,1)
3.2 (8117,1) (8746,1)
3.24 (3954,1)
3.25 (8746,1)
3.3 (5092,1)
3.4 (4944,1)
3.5 (4944,1) (5630,1)
3.50 (6079,1)
3.6 (8117,1)
3.7 (2618,1)
3.8 (8746,1) (9667,1)
3.9 (5092,1)
30 (1264,1) (4372,1) (7990,1) (9031,1) (10091,1) (11349,1) (12732,1) (13089,1)
30,000 (2618,1) (6079,1)
300 (3533,1)
31 (2886,1) (4729,1) (5092,3) (6273,1) (6287,1) (7158,1) (7167,1) (8322,1) (9036,1) (9203,1) (11349,1) (12732,1)
319,000 (2618,1) (8746,1)
32 (4729,1)
32,800 (135,1)
328,000 (8741,1)
33 (10439,1)
332 (3396,1)
336,000 (8580,1)
337,000 (2618,1) (8746,1)
34.8 (2618,1)
35 (3396,1) (7355,1) (9667,1)
35,000 (4386,1)
35.0 (2618,1)
36 (1638,1) (10439,1)
360 (307,1)
360,000 (8117,1) (9203,3)
37.6 (11385,1)
377 (5059,2)
38 (5402,1)
38.5 (8580,1)
39 (1638,1) (10401,2)
3rd (6273,1) (10401,2)
4 (5059,2)
4,000/2,000 (12164,1)
4,077,000 (8580,1)
4,410,000 (1638,1)
4,995,735 (7193,1)
4-1/2 (2049,2)
4.0 (2618,1) (4944,1) (10091,1)
4.5 (4944,1) (8746,1)
4.7 (5092,1)
40 (10268,1)
40,000 (8117,1)
400,000 (9203,1)
405,914 (7193,1)
409 (8117,1)
41,000 (8741,1)
41.2 (2618,1)
41.6 (11385,1)
42 (7736,1)
42,469 (6273,1)
422,000 (12500,1)
425 (307,1)
43 (8580,1) (9031,1)
435 (5608,1)
448,000 (2618,1)
45 (9667,1) (12732,1)
455,000 (11143,1)
48 (10401,2)
490,927 (6273,1)
496.6 (11349,1)
4th (1638,1) (3954,1) (5092,1) (7193,1) (8580,1) (8741,1)
5,000 (12164,1) (14603,1)
5-25/4 (12164,1)
5.00 (6079,1)
5.1 (11349,1)
5.59 (3365,2)
5.6 (10268,1)
5.60 (3365,2)
5.63 (3365,2)
5.64 (3365,2)
5.7 (5402,1) (8746,1)
5.8 (2618,1)
5.9 (11143,1)
50 (1069,2) (5896,1)
50,000 (2618,1) (8741,2)
50.3 (8580,1)
500 (3168,1) (6079,1)
500,000 (4988,1)
512,000 (4372,1)
514,000 (1638,1)
522 (3396,1)
53.1 (3954,1)
546,000 (8117,1)
55,000 (14099,1)
55.2 (7504,1)
565,000 (8117,1)
57 (3954,1)
574,000 (6041,1)
58.5 (1638,1)
586,000 (4729,1)
6,886,414 (6273,1)
6,969,000 (6041,1)
6-mo (3365,2)
6.1 (8746,1)
6.7 (2618,2) (8746,1) (9667,1)
6.8 (4988,1)
6.9 (4372,1)
6.96 (10268,1)
60 (11947,2)
600 (9667,1)
61.6 (1638,1)
618 (2872,2)
63 (11349,1)
644 (95,2)
65 (12732,1)
67 (4988,1)
680,000 (8117,1)
7 (12732,2)
7,963,620 (6273,1)
7-1/2 (59,1) (11940,1)
7-13/4 (12164,1)
7-3/4 (11940,1)
7-state (5896,1)
7.2 (4372,1)
7.5 (2618,1) (4944,1) (5253,2) (7355,1)
70 (1638,1) (10065,2)
707.9 (11349,1)
71 (4988,1)
72.1 (10091,1)
72.7 (3533,1)
74 (10091,1)
743,000 (4372,1)
75 (9203,2) (9667,1)
750,856 (3954,1)
767 (3396,2)
782 (3396,1)
8 (7158,1)
8,809,000 (6041,1)
8.3 (4944,1) (5253,1)
8.5 (4944,2)
8.6 (5253,2)
8.8 (5253,1)
8.83 (2618,1)
8.87 (2618,1)
80 (551,1) (6079,1) (8117,1)
800 (307,2)
802,000 (4729,1)
81 (8580,1)
817,000 (4372,1)
830.3 (11349,1)
84 (551,1)
856,000 (6041,1)
890,138 (1264,1)
897 (2872,1)
9 (135,1) (5092,1)
9,085,222 (7193,1)
9,232,000 (6041,1)
9,593,000 (6041,1)
9.4 (5253,1)
9.5 (11143,1)
9.8 (4944,1)
920,000 (4372,1)
949,650 (6273,1)
99,000 (8741,1)
99.9 (4372,1)
998,000 (8741,1)
: (1638,1) (4372,1) (5402,1) (7193,1) (8741,1) (10633,1) (12732,1)
; (135,1) (551,1) (764,1) (797,2) (1638,1) (2049,1) (2886,1) (3157,3) (3168,2) (3396,1) (3954,1) (4178,1) (4372,1) (4386,1) (4729,1) (5092,1) (5402,1) (5608,1) (5630,1) (6041,1) (6273,1) (6287,1) (6425,2) (7158,1) (7167,1) (7193,1) (7504,1) (7709,1) (7736,1) (7963,1) (7964,2) (7990,1) (7997,1) (8322,1) (8580,1) (8741,1) (9031,2) (9036,2) (9204,1) (10096,1) (10439,1) (10892,1) (10895,2) (11143,1) (11144,1) (11349,2) (11527,2) (11940,1) (12356,1) (12538,1) (13089,1) (14099,2) (14604,2)
> (135,1) (551,1) (764,1) (797,2) (1638,1) (2049,1) (2886,1) (3157,3) (3168,2) (3396,1) (3954,1) (4178,1) (4372,1) (4386,1) (4729,1) (5092,1) (5402,1) (5608,1) (5630,1) (6041,1) (6273,1) (6287,1) (6425,2) (7158,1) (7167,1) (7193,1) (7504,1) (7709,1) (7736,1) (7963,1) (7964,2) (7990,1) (7997,1) (8322,1) (8580,1) (8741,1) (9031,2) (9036,2) (9204,1) (10096,1) (10439,1) (10892,1) (10895,2) (11143,1) (11144,1) (11349,2) (11527,2) (11940,1) (12356,1) (12538,1) (13089,1) (14099,2) (14604,2)
`` (797,1) (2618,16) (2881,1) (3168,2) (3396,7) (3701,1) (4524,2) (4944,17) (4988,3) (5896,3) (6079,3) (7355,2) (8574,1) (8746,2) (9036,2) (9203,3) (9667,1) (10091,10) (10268,8) (10633,3) (11144,5) (11371,1) (12732,2) (14055,3) (14293,1)
a (135,2) (307,2) (338,1) (551,1) (764,1) (797,2) (2618,16) (2881,2) (3157,1) (3168,7) (3396,8) (3533,1) (3701,4) (4178,1) (4386,2) (4524,4) (4944,19) (4988,9) (5092,7) (5253,1) (5608,1) (5630,2) (5896,5) (6079,4) (6425,4) (7158,1) (7355,10) (7504,1) (7736,6) (7963,2) (7964,4) (7997,1) (8117,5) (8322,1) (8574,1) (8580,1) (8746,24) (9031,5) (9036,6) (9203,17) (9204,4) (9667,7) (10091,9) (10096,1) (10268,13) (10633,16) (10892,1) (10895,2) (11143,4) (11144,12) (11349,7) (12356,1) (12732,1) (13089,1) (13270,1) (14055,8) (14099,1) (14293,2)
a-3 (3157,1)
a. (11144,1)
abil (3396,1) (9203,2)
abl (7355,1)
about (551,1) (1069,1) (2618,1) (2881,1) (3168,1) (3396,1) (3701,2) (5896,1) (7964,1) (8117,1) (8746,2) (9667,2) (11349,3) (11385,1) (12732,1) (13089,1) (14055,1) (14293,1)
abov (307,1) (5896,1) (11144,1)
abroad (8746,1)
absolut (4944,1) (5253,1)
acceler (8746,2)
accept (2872,2) (9203,1) (10268,1)
accomod (5630,1)
accord (5896,1) (7355,1) (9203,1) (9667,5) (10091,4)
account (2618,1) (4524,1) (4944,2) (5092,2) (9203,1) (9667,2) (10268,3)
accru (9667,1)
accu (1069,1)
accu-weath (1069,2)
accumul (3396,1) (6079,1)
acquir (551,2) (764,2) (797,2) (2244,2) (3157,1) (5608,1) (11349,2) (12356,1) (13089,2) (14099,1)
acquisit (551,2) (3157,1) (3396,5) (5608,1) (10895,1) (11144,5) (11349,1) (12538,2) (13089,1) (14604,3)
acr (6079,1)
acreag (6079,1)
across-th (2618,1)
act (8117,1) (8587,2) (10091,1)
action (1855,2) (6425,1) (11144,1) (13270,1)
activ (4944,1) (6079,2) (8746,3)
actual (10091,1)
ad (1069,1) (2618,2) (4944,1) (5896,2) (7355,2) (9203,1) (10091,1) (10268,5)
add (307,2) (5896,1)
addit (307,1) (3396,1) (4988,2) (8117,1) (9036,1)
address (2618,1)
administr (6079,1) (8746,1) (9667,3)
adopt (338,1) (9036,1) (9203,3)
advanc (7355,1)
advantag (797,1)
advers (8117,1)
advis (11144,1)
advisor (12356,1)
advisori (12356,1)
aep (4729,1)
aepi (4729,1)
aerojet (11144,1)
affect (307,1) (4988,1) (8117,2)
affili (135,1) (3168,1) (11144,1)
affirm (6425,1)
afg (9036,2) (11144,2)
africa (338,1)
africa/salvador (12164,1)
african (338,1) (10268,1) (14293,1)
after (2618,2) (4944,2) (5092,1) (8746,2) (9499,2) (10091,1) (10895,1) (11144,1) (11349,1)
afternoon (6425,1)
afterward (135,1)
ag (3168,1) (5402,1) (9204,1)
again (59,1)
against (338,2) (6425,1) (7355,2) (9203,1) (10268,3) (14055,2)
agenc (3157,1) (7158,2) (8746,1)
agnc (7158,1)
ago (5896,2)
agre (551,1) (2618,1) (7963,1) (10091,1) (10268,1) (11349,2) (14293,1)
agreement (551,1) (797,1) (3168,1) (3396,1) (4988,1) (7963,1) (7964,1) (9203,3) (10091,2) (10268,2) (11349,3) (14293,1)
agri (5896,1)
agricultur (4524,1) (4988,1) (6079,1) (8574,1) (9667,3) (10268,1)
ahead (338,1) (5896,1) (8117,1)
ai (3168,1)
aid (10268,1)
aim (3168,1) (9036,2) (11144,1)
air (4944,1)
aircraft (10268,1)
airlin (3157,1)
albert (4988,1)
alco (11527,1)
algoma (1638,1)
all (4944,1) (8574,2) (10268,1) (10895,1) (12164,1) (12732,1)
allan (2618,1) (4944,1)
alleg (6425,1)
allegheni (3168,2)
allow (7355,3) (9203,1)
almost (3701,1) (9203,1) (9667,1) (10268,1)
along (3157,1) (4944,1)
alreadi (4988,1)
also (3396,1) (4524,1) (4988,3) (5092,1) (5896,1) (6079,1) (7158,1) (7504,1) (7963,1) (8322,2) (8746,4) (9203,3) (10268,3) (11144,4) (13270,1)
alter (11144,1)
altern (6079,1) (9667,1) (11144,4)
although (7355,1) (8746,1)
aluminio (11371,1)
aluminium (11371,2)
alway (10268,2)
amc (3396,10)
ameriana (8741,1)
america (3168,1)
american (2881,2) (3396,2) (4988,1) (5402,1)
amid (9667,1)
among (307,1) (9667,1) (10091,1) (10633,1) (14293,1)
amount (1069,1) (4988,2) (7167,1) (11349,1)
amstutz (9667,3)
an (551,2) (1069,1) (2618,2) (2881,1) (3396,2) (3701,1) (4524,1) (4944,7) (4988,4) (5253,5) (6079,1) (6287,1) (7355,1) (7963,1) (7964,1) (8746,1) (9036,2) (9203,1) (9667,2) (10091,2) (10268,2) (10633,1) (10895,1) (11143,1) (11144,1) (11349,2) (12356,1) (13089,1) (14055,1) (14293,2)
analysi (5896,1) (9667,1)
analyst (3396,5) (5896,7) (8746,1)
anchor (5630,1)
and (135,3) (307,3) (338,1) (551,2) (764,2) (1069,5) (2618,17) (2881,3) (3157,4) (3168,1) (3396,7) (3701,1) (4372,1) (4524,5) (4944,8) (4988,7) (5092,4) (5608,1) (5630,3) (5896,4) (6079,9) (6425,3) (7158,1) (7193,1) (7355,2) (7964,1) (7997,1) (8117,6) (8322,1) (8574,1) (8580,1) (8741,1) (8746,14) (9031,4) (9036,8) (9203,20) (9204,2) (9667,17) (10091,3) (10096,1) (10268,17) (10633,3) (10895,6) (11143,2) (11144,11) (11349,5) (11385,3) (11527,1) (12356,2) (12500,4) (12538,1) (12732,4) (13089,2) (13270,1) (14055,2) (14099,2) (14293,1) (14604,1)
ani (3396,2) (4524,2) (5896,1) (6425,2) (9203,1)
annex (7355,1)
announc (2881,1) (3168,1) (4988,1) (7355,1) (7963,1) (10892,1) (12732,1)
annual (2618,1) (4944,3) (5253,4) (8117,2) (8322,1) (8746,3) (9036,1)
anonym (3396,1)
anoth (2618,1) (9667,1) (10268,1)
anti-infl (10091,1)
anticip (4988,1) (10096,1)
antil (7504,1)
anyth (4944,1)
anz (12732,2)
apartheid (338,1)
apc (2881,2)
apea (8117,2)
appli (10895,1)
applic (3157,2)
approach (10091,1)
appropri (10091,1)
approv (551,1) (4178,1) (5092,1) (7355,1) (8322,1) (9036,1) (9203,1) (10895,1) (11349,1) (13089,1) (14604,3)
april (551,1) (2049,1) (2886,1) (4988,1) (5092,1) (5896,2) (6287,1) (7167,1) (7709,2) (7990,1) (9667,1) (10439,1) (11371,1) (12164,1) (12732,3)
april-jun (4988,1)
arab (10633,8)
arabia (10633,1)
are (551,1) (2618,3) (2881,1) (3157,1) (3701,1) (4386,1) (4524,1) (4944,7) (4988,2) (5896,5) (7355,1) (8117,2) (9031,1) (9203,2) (9667,5) (10091,5) (10268,5) (10633,2) (11143,1) (11144,1) (12732,2)
area (1069,3)
argentin (4988,4)
argentina (4988,5)
arm (9667,1) (10268,1)
around (307,2) (4988,1) (8746,1) (10091,3)
arthur (7963,1)
as (551,1) (764,1) (1069,2) (2618,1) (3157,4) (3168,1) (3396,3) (4524,1) (4944,6) (4988,1) (6079,1) (6425,1) (7355,2) (7964,1) (8117,2) (8574,1) (8746,4) (9203,3) (9667,3) (10091,1) (10268,5) (10633,1) (11143,2) (11349,3) (11385,1) (12356,1) (12732,2) (13270,1) (14055,1)
asbesto (10268,1)
asbi (8741,1)
asian (9203,2)
ask (8574,2) (9667,1) (10091,1) (14293,1)
assassin (3396,1)
assembl (4944,1)
asset (551,2) (11144,1) (11349,1) (11527,1) (12356,1) (14604,1)
associ (8117,1) (8746,1) (9667,2) (10633,1)
assset (7964,1)
assum (3396,5) (7964,1) (8117,1) (8322,1)
assumpt (3396,1) (9667,1) (14604,1)
assur (9203,1) (10268,1)
at (59,3) (307,1) (551,2) (2618,7) (2881,1) (3365,2) (3396,7) (3533,3) (3701,1) (4386,1) (4524,4) (4944,6) (5092,2) (5253,2) (5608,1) (5630,2) (5896,4) (7355,2) (7963,1) (8117,2) (8322,2) (8574,2) (8746,3) (9036,3) (9203,4) (9667,2) (10091,3) (10268,2) (10633,3) (11143,1) (11144,2) (11349,1) (11371,1) (12500,1) (14293,1) (14604,1)
atlant (13089,2)
atlanta (2881,1)
attempt (6425,1)
attent (9036,1)
attract (8746,1)
attribut (8746,1) (9667,1)
august (5896,1) (9667,2)
augusta (5608,1)
australia (7504,1) (8117,4) (12732,1)
australian (8117,3)
author (5092,1) (8322,1) (11144,1)
auto (4944,3)
automak (4944,1)
automot (9204,1)
averag (2618,3) (4944,1) (5896,1) (11349,3)
avg (4372,1) (4729,1) (6041,1)
aviat (1855,2) (3157,1)
aw (3701,1)
away (2618,1)
b (7355,1)
baa-1 (3157,2)
baa-2 (3157,1)
babi (3396,1)
back (338,1) (5896,1) (7963,1) (7997,1) (9667,1)
bad (2618,1) (3396,1) (4944,1)
badli (8746,1)
bag (10268,1)
bahrain (9031,2) (10633,1)
balanc (307,1) (5092,1) (6079,1) (8746,1) (10268,2) (12732,1)
bancorp (11349,1) (12538,2)
bancshar (12538,1)
bank (95,2) (307,1) (2618,1) (2872,1) (3533,3) (5253,3) (5608,3) (6287,2) (8741,1) (8746,1) (9203,1) (10091,7) (10633,2) (11144,1) (11349,2) (11940,1) (12732,6) (14055,3)
banker (307,1) (8746,1) (10633,3)
bankruptci (6425,5)
barg (59,4)
bargain (11144,1)
barley (12500,2)
barney (2618,1) (5896,1)
barrel (4386,1) (4944,1) (5630,1) (8117,2) (9031,3) (10091,1)
barter (10268,2)
base (6287,1) (9667,2) (10091,4) (11349,3)
basi (10633,1)
basic (10268,1) (14099,1)
basin (7355,1)
basket (10633,1)
bass (8117,3)
bauxit (12164,1)
baybank (10439,1)
bayou (7504,4)
bbnk (10439,1)
be (551,2) (797,1) (1069,1) (2618,3) (2881,6) (3396,2) (4524,1) (4944,2) (4988,4) (6079,1) (7355,8) (7963,1) (7964,2) (8117,1) (8746,5) (9203,5) (9204,1) (9667,6) (10091,2) (10268,3) (10633,2) (11144,1) (11349,5) (12732,2) (13089,1) (14055,3) (14293,1) (14604,2)
becaus (2881,1) (3157,1) (3396,3) (6079,1) (8746,1) (9203,5) (9667,2) (10091,1) (10268,2) (12732,1)
becom (3168,1) (4386,1) (8746,1) (9203,2) (11349,2)
beef (8574,3)
been (2618,1) (3396,2) (3701,3) (4178,1) (4386,1) (4524,1) (4944,1) (4988,4) (5896,1) (8117,2) (8746,4) (9203,3) (9667,1) (10091,1) (10268,1) (14293,1)
befor (3396,1) (4524,1) (4944,1) (7355,1) (9667,1) (10091,3) (10633,1) (10895,1)
began (6425,1) (10268,1)
begin (4944,2) (5896,1)
behind (4944,1) (5896,1) (10268,1)
believ (3701,1) (8746,2) (13089,1)
beliv (6425,1)
below (9667,1)
benbow (8117,4)
benderley (2618,1)
benderli (2618,1)
benefit (3396,1) (6079,2) (7193,1) (7355,3) (9203,1) (11144,1)
bess (3396,1)
best (6079,1) (9036,1) (11143,1)
better (797,1) (3396,1) (10268,1) (11144,1) (14055,1)
between (135,1) (2618,2) (4944,1) (8117,2) (8746,1) (9667,9) (10091,1) (10633,1) (11385,1) (12500,2) (14055,1)
bid (59,1) (3157,1) (10268,1) (11144,1) (12500,1)
bid/107-1/2 (59,1)
bid/120 (59,1)
bid/127-1/2 (59,1)
bid/132-1/2 (59,1)
bid/135 (59,1)
bid/140 (59,3)
bid/145 (59,1)
big (2618,1) (3396,1) (13270,1)
bill (307,2) (3365,2) (6079,3)
billion (307,1) (2618,1) (2872,2) (3396,3) (5253,6) (5402,2) (6079,1) (6425,1) (8117,2) (8746,2) (9667,4) (10268,6) (10859,2)
bimd (6041,1)
bin (7990,1)
bink (7990,1)
biomed (6041,1)
bloc (10268,1)
board (135,1) (2618,1) (2872,1) (3701,3) (6287,1) (7158,1) (7167,1) (7504,1) (8322,1) (8746,1) (9036,2) (9499,2) (11144,3) (14055,1) (14604,1)
bob (10892,1)
bode (4944,1)
bond (4944,1)
book (2872,1) (4988,1) (12732,1)
borrow (9203,1) (11144,1)
boston (3168,1)
both (59,1) (551,1) (4944,1) (8746,1)
bottom (4988,1)
bought (135,1) (10268,1) (12356,1) (14603,1)
boycott (338,1)
bp (10065,2)
bpd (4386,1) (8117,5)
brand (11371,3)
brasileira (11371,1)
brazil (10268,1) (12164,1)
brazilian (11371,1)
break (10268,1)
brian (9667,2) (12732,1)
bridg (11144,1)
brief (3396,1) (14293,1)
bring (9031,1) (9203,1)
brisk (8746,1)
britain (10091,1) (13270,1)
british (5092,1)
broad (9667,1)
broadcast (10895,1)
broadli (10091,2)
brother (11144,1)
brought (8117,1) (10091,1)
brown (9036,1) (11144,2)
brusca (4944,4)
brussel (3701,1)
bu (6079,2)
budget (9667,6) (10091,1) (14055,2)
buffer (9203,14)
build-up (2618,1)
bulk (9203,1) (10268,1) (12164,2)
bull (5896,2)
bullish (5896,1)
bundesbank (5253,3)
burden (8117,1)
burnham (4944,1)
bushel (6079,1) (9667,3)
busi (2872,3) (2881,2) (3168,1) (3396,1) (4944,4) (5059,2) (8746,2) (12732,1) (13089,1) (14603,1)
businessmen (10268,1)
bust-up (11144,1)
but (1069,1) (2618,7) (3157,1) (3396,3) (3701,1) (4524,1) (4944,4) (4988,1) (5896,1) (6079,1) (7355,1) (8746,3) (9203,3) (10091,2) (10268,2) (10633,1) (12732,1) (14293,1)
buy (135,1) (4988,6) (7504,1) (7963,2) (8574,1) (9203,1) (10268,4) (14603,1)
buyer (7964,1)
buyout (3396,1) (11144,1)
by (135,1) (551,1) (797,1) (2618,2) (3701,1) (4386,1) (4524,1) (4944,1) (4988,2) (5253,1) (6079,3) (6425,1) (7158,1) (7355,3) (7504,1) (7963,1) (7964,1) (8117,3) (8746,4) (9031,1) (9036,2) (9203,7) (9667,6) (10091,3) (10268,2) (10633,1) (10895,1) (11144,1) (11349,2) (11371,1) (12732,1) (13089,2)
byron (6079,1)
c (3396,1)
c.o.m.b. (10892,2)
cabinet (9203,1)
cabl (14099,3)
call (59,2) (2881,1) (3396,1) (8117,1) (8322,3) (9667,1) (12732,1)
callao/croton (12164,1)
calm (5630,1)
calrsson (338,1)
caltex (9031,3)
came (2881,1) (4944,1) (5896,1) (8574,1)
camera (8574,1)
can (797,6) (4988,2) (5630,1) (9203,1) (9667,4) (10091,2) (10268,1) (11349,1)
canada (551,1) (797,2) (13270,1)
canadian (5092,1) (11385,1) (14603,2)
canal (11385,2)
capac (9203,1)
capit (764,4) (2618,3) (5092,1) (7355,1) (10633,2)
car (4944,1) (10268,1)
care (11144,1) (14604,1)
careplu (14604,5)
cargil (4524,3)
cargo (5630,1)
carl (135,1)
carlsson (338,1)
carri (3396,2) (5630,1) (9203,1)
carryforward (3396,1)
carson (2618,2)
cash (3157,1) (3396,3) (4524,1) (5253,1) (5896,2) (6287,1) (9203,1) (9667,9) (12732,3)
casualti (13089,1)
catenari (5630,1)
cater (764,1)
cattl (5896,8)
caus (4524,1) (4988,1)
cautiou (8746,1) (10091,1) (12732,1)
cba (11371,1)
cbo (9667,2)
ccc (9667,4)
ccl (797,2)
ccom (7193,1)
ccr (1264,1)
cdn (11143,1)
cent (5896,1) (9667,2)
center (5608,2)
central (1638,1) (5253,3) (10091,2)
centurion (12538,2)
cereal (12500,1)
cert (4524,4) (9667,3)
certain (9203,1) (11349,1) (11527,1) (14604,2)
certainli (4944,1)
certif (4524,8) (6079,1) (9667,16)
cgp (6425,1)
chairman (135,1) (3168,1) (3396,1) (4524,1) (4944,2) (5630,1) (6079,1) (8117,1) (8746,1) (11144,1) (14055,2)
chanc (9203,1) (10268,1)
chancellor (7355,1)
chang (135,1) (797,1) (2881,1) (4372,1) (4386,1) (4944,1) (7167,1) (8746,1) (10895,1)
chase (8746,1)
cheap (5896,1)
check (8746,1)
chemic (2618,2) (9204,1) (10268,1)
chevron (9031,1)
chicago (59,4)
chimerin (8746,2)
choic (3168,1) (8574,1) (14055,1)
chrysler (3396,15)
chuck (5896,1)
chv (9031,1)
cia (11371,1)
ciba-geigi (9204,3)
cigz.z (9204,1)
circul (307,1) (4988,1) (5253,1)
cite (3157,1)
citi (11349,1)
civilian (2618,1)
ckl (7963,1)
claim (4524,1)
clark (7963,5)
classifi (9036,1)
claus (10268,1)
close (4386,1) (4524,1) (8746,1) (10091,2) (10633,1) (11144,1) (11349,2)
closeout (10892,1)
club (14293,1)
cmco (10892,1)
cni (11143,1)
co (2618,2) (2886,1) (3396,1) (4386,1) (4944,1) (5608,1) (7167,1) (7355,1) (7963,1) (7964,2) (7990,1) (7997,1) (8322,1) (9204,1) (10892,1) (11143,1) (11527,1) (13089,1) (14099,1)
coast (5630,1)
coastal (6425,4)
coastla (6425,1)
coffe (10268,1)
coffer (3701,1)
cohes (9036,1)
collaps (9203,2)
coloni (7193,1)
combin (551,1) (2618,1)
comdata (11143,3)
come (338,1) (6079,1) (8587,2) (9667,1) (10268,1)
comment (11144,2) (13270,1)
commerc (2618,2) (4944,1) (8746,1) (10268,2)
commerci (4988,1) (7193,1) (11349,6)
commiss (135,1) (3701,1) (7997,1) (10268,1) (10895,3) (11143,1) (12356,1)
commit (3396,1) (4988,1) (9203,1)
committe (4524,1) (9667,5) (10091,1) (13270,1) (14055,2)
commod (4524,1) (9667,4) (10268,2)
common (135,1) (551,1) (4178,1) (5092,1) (7963,2) (9036,1) (10633,2) (11349,2) (14604,1)
commun (3701,1) (7997,2) (10895,3) (11144,1)
compani (551,3) (764,1) (3157,1) (3168,1) (3396,3) (4386,2) (4524,2) (5092,2) (5608,1) (5630,1) (6287,1) (6425,1) (7158,1) (7167,1) (7736,2) (7963,1) (7997,2) (8322,3) (8580,1) (8741,1) (9031,2) (9036,2) (10065,2) (10096,1) (10268,1) (10895,1) (11143,1) (11144,4) (11349,1) (13089,1)
compar (2618,2) (4524,1) (4944,1) (8746,1) (9667,1) (10091,1) (10268,1)
comparison (59,4)
compet (4944,1)
competit (4944,2) (4988,4) (8117,1)
complet (4178,1) (10895,1) (11527,2) (12538,2) (13089,2)
compon (4944,1) (5253,1)
compound (9204,2)
compris (2618,1) (5253,1)
comput (10096,1)
conced (10091,1)
concept (10633,1)
concern (3168,1) (4524,1) (4944,1) (4988,1) (7964,1) (9203,1) (12732,1)
concession (14293,2)
conclud (3701,1) (9667,1)
conclus (9203,2) (9667,1)
condit (8322,1) (8746,1) (11144,1)
confer (338,1) (8117,1) (10633,1)
confid (9203,1)
confirm (3701,1)
congress (2881,4) (9667,3) (14055,1)
congression (9667,3)
connect (3396,1) (14604,1)
consciou (3168,1)
consecut (2618,1)
consensu (2618,1) (14293,2)
conserv (10268,1)
consid (2618,1) (9667,3) (10895,1)
consider (9036,1)
consist (551,1) (2618,1) (3168,1) (10892,1)
constitu (9036,1)
constitut (11371,1)
construct (2618,1) (6079,1) (8746,1) (14055,1)
consum (2618,1) (3168,2) (8574,2) (8746,3) (9203,5)
consumpt (8117,1) (8746,1)
content (4944,1)
continent (797,2)
conting (9203,1) (11144,1)
continu (2618,1) (2881,1) (4944,2) (5896,1) (7964,1) (8746,2) (9203,2) (12732,1)
contract (3701,1) (4944,2) (5896,2) (10268,1)
contrast (4944,1)
contribut (4944,2) (5092,1) (9203,1)
control (4944,1) (6425,1) (10895,1) (11143,1) (12356,1)
convers (7504,1) (11349,1)
convert (7964,1)
convinc (4944,1) (4988,1)
cooper (10091,2) (10633,1) (13270,1)
coordin (10633,2) (13270,1)
corn (4988,18) (5896,1) (6079,2) (9667,3)
corp (135,2) (551,1) (2049,1) (3168,1) (3396,3) (5092,1) (5402,1) (6273,1) (6425,2) (7193,1) (7504,1) (7997,1) (9031,2) (9499,2) (9667,1) (10268,2) (11143,1) (12732,1)
corpor (2618,1) (4944,1) (7355,1) (7504,1) (8746,1) (10268,1) (14604,1)
correct (5896,1) (7167,2) (8580,2)
correspond (8746,1) (9203,1)
cost (3396,2) (4524,3) (5630,1) (7355,3) (8117,2) (9204,1) (9667,12) (12732,1)
could (2618,1) (3396,1) (3701,1) (4944,2) (4988,2) (5896,1) (6079,1) (9036,2) (9667,1) (10091,1) (10633,1) (13089,1)
council (338,1) (2881,1) (9203,1) (10633,1)
counselor (4988,1)
countertrad (10268,13)
countri (4988,1) (8117,1) (8746,2) (9203,2) (10268,5) (11144,1) (14055,1) (14293,1)
coupl (4944,1)
cours (4944,1) (9667,1) (14055,1)
court (6425,6)
cover (1069,2)
cpl (14604,1)
creation (9203,1)
credit (2618,1) (9667,1)
creditor (6425,1) (14293,1)
critic (4524,1) (9667,1)
crop (1069,2) (4988,6) (9667,1)
cross (7355,4)
crowley (9667,2)
crude (4386,2) (5630,1) (8117,3) (10268,2)
crusher (14603,2)
csec (11349,1)
ct (1264,1) (1638,5) (2049,2) (2886,2) (4372,2) (4729,2) (6041,2) (6273,4) (6287,1) (7167,2) (7709,2) (7736,1) (7990,2) (8580,4) (9031,3) (10401,2) (10439,2)
ctw (10401,2)
cummin (10892,1)
cumul (9036,1)
curb (9667,1)
currenc (10091,2) (10268,1) (10633,9) (12500,1) (13270,2)
current (764,1) (3157,1) (4524,1) (4944,1) (4988,1) (5896,2) (8117,1) (8580,1) (8746,2) (9203,1) (10091,3) (10268,2)
custom (10859,2) (11144,1) (12732,1)
cut (4988,1) (8746,1) (9667,2) (10091,1) (10268,2)
cutter (11527,1)
cyclop (9499,4)
czechoslovakia (1069,2)
d-kan (4524,1)
d-kan. (6079,1)
d-minn. (6079,1)
d-nd (6079,1)
d-wisc (14055,1)
daili (5896,1) (11349,1) (12732,1)
dalla (8746,1)
damag (3157,1) (14055,1)
dan (4524,1) (6079,1)
daniel (9667,1)
data (2618,4) (4944,2) (5253,3) (8746,2)
date (9667,1) (11349,1) (12732,1)
david (4944,1)
day (4386,1) (8117,1) (10091,1) (12164,2)
de (2881,1) (11371,1)
deadweight (5630,1)
deal (3168,1) (3396,3) (4524,1) (10268,5) (13089,1)
dealer (59,1) (3533,1)
dean/alco (11527,1)
debentur (3157,2) (7964,2) (8322,2)
debt (3157,3) (3396,6) (4944,1) (8322,1) (8746,1) (9203,1) (10268,1) (14293,2)
debt-servic (3157,1)
debtor (14055,1)
dec (8322,1)
decemb (8746,1) (9203,1) (9667,1) (10268,1) (11349,1)
decid (338,2) (797,1) (6079,1) (9667,2) (10091,1) (14055,1)
decis (2881,1) (4988,1) (11144,1)
declar (6287,1) (7158,1) (9036,1)
declin (4944,3) (5896,2) (8117,1) (8746,3) (9204,1) (10268,1)
decre (338,1)
decreas (4988,1)
deep (12732,1)
defend (4524,1)
defens (4178,1) (8746,1)
defer (5896,1) (10096,1)
deferr (10096,1)
defici (3157,1) (6079,1)
deficit (307,1) (8746,3) (9667,1) (10268,3) (11385,1) (14055,2)
defin (6079,1)
definit (11349,1)
deflat (8746,1)
degre (1069,3) (4944,1)
delawar (14604,1)
delay (4178,2)
delhi (10268,1)
deliveri (59,1) (4386,1) (4988,1) (5896,1) (11371,1)
demand (59,1) (4524,1) (4944,1) (8117,1) (8746,1)
democrat (338,1) (6079,2)
deni (11144,1)
denni (8117,1)
depart (2618,2) (3157,1) (4944,1) (4988,1) (8746,1) (9667,3) (10895,1) (12732,1)
depend (8117,1) (10268,1)
deplet (8117,2)
deposit (11349,1)
depress (9203,2)
deriv (8117,1)
design (11349,1)
despit (8117,1) (8746,2) (10268,1)
detail (12500,1)
determin (6079,1) (9667,1) (14604,1)
develop (5896,1) (7355,4) (7504,1) (8746,1) (9203,1) (11143,1) (11144,3) (12732,2)
did (3396,2) (3533,1) (6287,1) (7736,1) (9036,1) (9667,1) (10091,5) (14293,1)
diesel (9031,1)
differ (4988,1) (9667,1)
difficult (10268,1)
difficulti (3396,1) (10268,1)
dilut (3396,1)
diminish (4944,1)
dinar (10633,1)
direct (9203,1) (9667,1)
directli (7355,1) (8117,1)
director (9667,2) (10065,2) (12732,1)
disburs (2618,1)
disclos (11527,1)
discount (2618,1) (4944,1) (5896,1)
discov (8117,1)
discreetli (10268,1)
discuss (3396,1) (14293,1)
disincent (8117,1)
dispar (4944,1)
dispel (9203,1)
dispos (11349,1)
disput (4524,1)
distort (8117,1)
distract (9036,1)
distribut (551,1) (4178,1)
distributor (551,1)
div (2049,1) (2886,1) (7167,1) (7709,1) (7990,1) (10439,1)
divest (3168,2)
divid (2881,2)
dividend (2049,1) (4178,1) (5092,1) (6287,4) (7158,2) (7990,1) (9036,2) (10439,1)
divis (10892,1) (11527,1)
dixon (9499,2)
dlr (95,2) (135,1) (551,2) (1638,3) (2618,3) (2872,5) (3157,1) (3168,1) (3396,10) (3954,4) (4372,5) (4944,2) (4988,2) (5059,2) (5092,4) (5608,2) (5630,1) (6079,3) (6425,1) (7504,1) (7736,3) (7963,1) (7964,4) (7997,1) (8117,1) (8741,4) (8746,2) (9031,5) (9667,5) (10065,2) (10091,2) (10268,5) (10859,2) (11143,1) (11144,2) (11349,8) (11385,1) (11947,2) (12732,2) (13089,1)
do (1069,1) (2618,1) (4944,4) (14055,1)
doe (3533,1) (8746,2) (10065,2) (10268,1) (10633,1) (11144,1)
dollar (2618,1) (4944,7) (8117,1) (8746,3) (10091,1) (10633,1)
dollar-denomin (9667,1)
domest (5253,1) (8117,2) (8746,1) (10268,1)
done (3396,1) (9203,1)
dorgan (6079,2)
down (2618,2) (4988,1) (5253,1) (5896,1)
downgrad (3157,2) (3396,1)
downsid (4988,1)
drain (307,1)
drexel (4944,1)
dri (4988,1)
drill (10268,2)
drive (10268,1)
drop (1069,1) (2618,2) (4944,7) (4988,1) (8574,1) (8746,1) (10091,1)
due (3396,1) (4386,1) (7355,2) (7964,1) (8322,1) (8746,2) (10096,1) (10268,1)
dump (7997,1)
durabl (2618,2) (8746,2)
dure (3533,1) (4988,1) (5896,1) (8746,4) (10268,2) (11349,1)
dynam (10268,1)
e. (7964,1)
each (1069,1) (9667,1) (11349,1)
eager (9667,1)
earli (2618,1) (5896,1) (7355,1) (8117,1) (10268,1)
earlier (3701,1) (4988,1) (7736,2)
earn (3396,1) (7193,1) (7736,2) (8746,1) (10096,1) (11144,1)
eas (2618,3) (3533,1) (4524,2)
easi (10268,1)
easier (4944,1)
east (1069,1)
eastern (1069,2) (10268,1)
eastman (2244,2)
ebb (10633,1)
ec (3701,1) (12500,1)
econom (3168,1) (4944,1) (8117,3) (8746,8) (9667,1) (10633,1)
econometr (8746,1)
economi (2618,4) (4944,1) (8746,8)
economist (2618,5) (4944,4) (8746,4)
ecu (12500,2)
effect (3157,1) (5896,1) (7355,1) (8746,1) (9031,1) (9667,1) (10091,4) (11349,1) (11940,1)
effort (8746,1) (9667,1)
eight (1638,1) (3396,1) (6041,1) (10268,1)
either (2618,1) (8746,1) (10633,1)
elect (135,1)
electron (4944,2) (9204,1) (10268,1)
element (8746,2)
elig (6079,1)
elimin (6079,2) (9036,1) (9667,1)
em (10091,1) (10633,1)
emir (10633,1)
employ (2618,12) (8746,2)
employe (11144,1)
empti (3701,1)
ems-styl (10633,1)
enabl (11144,1)
encourag (4944,1)
encumbr (9203,1)
end (2872,1) (3396,1) (4372,1) (5092,3) (5608,1) (7158,1) (10268,2) (10633,1) (11349,1) (11385,1) (12164,1)
endang (10091,1)
energi (4944,5) (7504,1) (8117,1) (9036,2)
engag (6079,2)
engin (9204,1) (10096,2) (10268,1)
england (307,1) (3533,2) (10091,4)
enhanc (8117,1) (11144,1)
enquiries/fixtur (12164,1)
ensur (9203,1) (13270,1)
enter (7963,1) (9203,1)
enterpris (797,1) (10892,1)
entir (7997,2)
environ (3168,1)
enzon (2244,2)
equal (7193,1) (9667,1)
equip (4944,3) (7963,3) (10268,1) (11527,1)
equiti (3396,1) (7193,1)
equival (797,1)
er (9667,1)
eri (11385,1)
esk (7964,1)
eskey (7964,5)
especi (5896,1)
essenti (8322,1)
establish (9204,1)
estat (11143,1)
estim (2618,1) (4988,1) (9667,5) (10268,3) (11385,1)
europ (1069,1) (9204,1)
european (3701,1) (4372,1) (10633,1) (12500,1)
even (2618,2) (5896,1) (8746,1) (10268,1)
event (2881,1)
evid (2618,1) (10091,1) (12732,1)
ex (59,3)
examin (3157,1) (7355,1) (10633,1)
exampl (4524,1) (6079,1) (8117,1) (9667,1)
exce (7193,1)
exceed (7736,1)
except (8746,1)
exchang (59,1) (135,1) (7997,1) (8587,2) (9667,2) (10091,4) (10268,3) (10633,1) (10895,1) (11143,1) (11349,3) (11371,1) (12356,1) (13270,1) (14604,1)
exchequ (307,1) (7355,1)
exclud (1638,1) (2872,1) (8746,1) (10268,2)
execut (2881,1) (4524,1) (12356,2)
exist (4988,1) (7355,2) (8117,2) (9203,1) (11144,1)
expand (2881,1) (4524,2) (7158,1)
expans (8746,1)
expect (551,1) (1069,1) (2618,2) (3396,1) (4386,1) (4944,6) (5092,2) (5896,4) (8117,2) (8746,4) (9203,1) (9667,2) (10268,1) (10895,1) (11349,1) (11385,2) (13270,2)
expenditur (7355,1)
expens (4372,1) (9203,1)
experi (10633,1)
experienc (8746,1)
expir (4944,1) (9203,1)
explor (8117,4) (11144,1)
expo (2881,2)
export (2618,2) (4524,3) (4988,2) (5630,1) (8746,2) (9203,1) (9667,1) (10268,2) (12500,2) (14603,1)
express (9203,1)
extent (9203,1)
extraordinari (1638,1)
extrem (2618,1)
eye (9667,1)
f (1069,3)
face (9203,1)
facil (11144,1)
fact (8746,1)
factor (307,1) (4944,1) (4988,2) (10268,2)
factori (2618,2)
fail (9499,2)
fall (307,1) (1069,1) (2618,1) (2872,1) (3396,1) (5254,2) (5896,1) (8117,2) (8746,1) (10091,1)
famili (6079,2) (11349,1)
far (3701,1) (5896,1) (8117,1) (14293,1)
farm (4944,1) (5630,1) (6079,6) (9667,1)
farmer (6079,1) (9667,1)
favor (11349,1) (14055,1)
favour (7355,2) (10091,1)
fbc (3168,1)
fbo (7167,1)
fear (2618,1) (9203,2)
feb (95,2) (135,1) (5254,2) (6041,1) (7997,1)
februari (2618,12) (2872,1) (4944,11) (5253,8) (5896,2) (8741,1) (8746,5) (13270,1)
fed (95,2) (2618,2) (2872,1) (4944,9) (5059,2) (8746,1) (10859,4)
feder (2618,2) (2872,1) (4944,3) (6079,1) (7167,1) (8746,1) (9667,2) (10895,2) (14055,1)
fee (3396,1)
feed (5896,3) (12500,2)
feedgrain (4524,1) (6079,1)
feedlot (5896,3)
feel (4988,1) (12732,1)
fell (2618,2) (2872,2) (3396,1) (4944,1) (9203,1)
few (8746,1) (11144,1)
fibr (10268,1)
fidel (8746,1)
field (7355,22) (8117,6) (9204,1)
fight (338,1)
figur (5092,1) (5253,1) (10268,3)
file (135,1) (3157,1) (6425,2) (10895,2)
film (551,2)
final (4944,1) (4988,1)
financ (3396,1) (9203,3) (11144,2) (13270,2)
financi (2618,1) (3157,2) (3168,2) (3396,1) (4944,2) (8746,1) (9203,2) (10091,1) (10633,1) (11144,3)
financially-strap (9203,1)
find (4944,1) (9667,1)
fio (12164,1)
fire (13089,1)
firm (59,1) (135,1) (2618,1) (9204,2) (10268,4) (11143,2) (12356,1) (13089,1)
first (2618,4) (2881,2) (3168,1) (4944,6) (4988,1) (5608,3) (5630,1) (5896,1) (6079,1) (6287,1) (8746,4) (11385,1)
fiscal (4372,1) (5092,1) (8117,1) (10268,3) (10633,1) (11385,1)
five (59,1) (5896,1) (6079,1) (6273,1) (7158,1) (8117,2) (8746,3) (9667,2) (10268,1) (10633,1) (13089,1)
fix (9203,1)
flat (2618,1) (8746,1)
fleet (7158,1)
flexibl (2618,1) (3157,1) (10268,1) (12732,1)
float (10091,1)
floor (2881,1) (3396,1)
flow (10633,1) (12732,1)
fluctuat (9203,1)
flurri (1069,1)
focu (9036,1)
follow (2618,3) (4944,2) (5896,1)
food (764,4) (797,1) (11527,2)
foodservic (11527,3)
for (59,2) (135,1) (551,1) (764,1) (2618,7) (3157,3) (3396,2) (3533,2) (4386,1) (4524,2) (4944,7) (4988,8) (5092,5) (5253,1) (5608,1) (5630,1) (5896,7) (6079,4) (6425,2) (7355,3) (7504,1) (7736,1) (7963,2) (7964,1) (7997,1) (8117,1) (8322,1) (8580,1) (8587,2) (8746,8) (9031,1) (9036,4) (9203,4) (9667,4) (10091,3) (10096,1) (10268,8) (10633,3) (10895,1) (11144,1) (11349,2) (11385,1) (12356,1) (12500,3) (13270,1) (14055,2) (14099,1) (14293,2) (14603,1) (14604,2)
forc (338,1) (9203,2)
forecast (307,2) (1069,1) (2618,2) (3533,1) (7736,1) (8117,1) (8746,1)
foreign (4944,2) (8746,1) (10268,6)
forese (8746,1)
form (338,1) (3396,1) (7964,1) (10091,1) (14604,1)
formal (9203,2)
format (2881,1)
former (551,1) (3396,1)
formerli (5092,1)
forward (5896,1)
foster (10633,1)
found (9667,1)
four (4988,2) (9031,1) (13089,1)
fourth (2618,3) (5092,2) (8746,4) (10096,1)
framework (10633,1)
franc (13270,1)
frankfurt (3701,2)
fred (3396,1)
free (95,2) (9203,4) (10268,1) (11349,1) (12500,2)
freedom (8574,1)
freight (59,2) (11385,2)
french (5092,1) (12500,2)
friday (9203,1)
frivol (6425,2)
from (135,1) (1069,1) (2618,6) (2881,1) (3396,2) (3701,1) (4524,1) (4944,5) (4988,1) (5092,1) (5253,7) (5608,1) (5630,1) (6079,1) (6425,1) (7193,1) (7355,1) (7736,1) (7963,2) (8117,8) (8746,3) (9036,3) (9203,3) (9204,1) (10091,3) (10268,3) (11144,3) (11371,1) (11385,1) (11527,1) (11940,1) (11947,2) (12732,3) (14099,1)
front (4944,1)
fuel (5630,1) (8117,2) (9031,3)
full (338,1) (797,1) (7736,1) (10091,1) (11144,1)
full-year (5092,2)
fuller (5896,1)
fulli (4386,1) (5402,1)
fund (12356,1) (12732,1)
fundament (135,2) (5896,1)
further (59,1) (4944,2) (12732,1)
futur (4988,1) (5896,3) (6287,1) (7355,3) (9203,1) (12732,1)
g-6 (10091,1)
g. (5630,1)
ga (6425,2) (10268,1)
ga. (5608,1)
gain (1638,1) (2618,16) (4372,2) (4944,9) (6425,1) (7355,1) (8746,1) (11947,2)
gallon (9031,1)
gao (9667,9)
gap (2618,1) (8117,1) (10268,1)
gatt (10268,2)
gave (338,1) (5253,1) (10268,1)
gencorp (9036,6) (11144,10)
gener (3396,1) (4524,2) (6079,1) (9667,2) (10268,1) (11144,5)
geneva (9203,1)
georg (3396,1)
georgia (11947,2)
georgia-pacif (11947,2)
geraldton/tampico (12164,1)
german (3701,3) (5253,2) (12164,1)
germani (8746,1) (13270,1)
get (2618,1) (2881,1) (9499,2) (10268,1)
gh (5896,1)
giant (8746,1)
gidel (5896,2)
give (551,1) (2618,1) (7736,1) (8746,1) (11349,1) (14055,2)
given (2618,1) (7193,2) (8741,2) (10268,1) (14055,1)
glickman (4524,1) (6079,1)
global (10268,1)
gmt (3533,1)
gnp (2618,3) (4944,1) (8746,3)
go (338,1) (2618,2) (3168,1) (4944,1) (10633,1) (11144,1)
goal (10633,1)
goe (8117,1)
goldberg (7963,1)
goldman (2618,1)
good (2618,6) (4944,3) (4988,1) (8746,7) (10268,7) (11371,1)
got (2618,1)
gotten (3396,1)
gover (2618,2)
govern (338,2) (4944,1) (4988,2) (6079,3) (7355,1) (8117,4) (8574,1) (8746,5) (9203,1) (9667,9) (12732,2)
governor (10091,1)
grade (9031,1)
gradual (8746,1)
grain (4524,4) (4988,4) (5896,1) (9667,1)
gramley (8746,3)
greater (2618,1) (4988,2) (9036,1) (14055,1)
greenbaum (2618,2)
grew (2618,1) (5253,2) (8746,1)
grid (10633,1)
gross (2618,1) (8746,1)
ground (3157,1)
group (135,4) (551,1) (3157,5) (3396,1) (7963,3) (9499,2) (10091,1) (10895,1) (11143,4) (12732,1) (13089,2)
grow (2618,1) (5253,1) (8746,3)
grower (9203,3)
growth (2618,3) (4944,1) (5253,1) (7736,1) (8746,6) (10268,1) (10633,1)
guarante (4988,1)
guardian (7736,3)
guess (5896,1) (10091,2)
gulf (59,3) (10633,4) (11947,2)
gy (9036,1) (11144,1)
ha (551,1) (2618,2) (3157,2) (4178,1) (4524,2) (4944,3) (4988,3) (5608,1) (5630,1) (7736,1) (7963,1) (8117,2) (8587,2) (8746,3) (9203,1) (9667,4) (10096,1) (10268,4) (10895,2) (11144,3) (11349,1) (11371,1) (11385,1) (12538,1) (12732,1) (14099,1) (14293,1) (14604,1)
had (1069,2) (2618,1) (3396,1) (3701,1) (4386,1) (4944,1) (4988,2) (5608,1) (5896,2) (8322,1) (8574,1) (8746,2) (9036,1) (9203,8) (9667,1) (10091,4) (11143,2) (11349,1) (12732,1) (14293,2)
half (4944,3) (8117,1) (8746,1) (10091,1)
halt (6079,1) (10096,1)
hamper (10633,1)
hancock (7997,3)
hand (307,1) (9036,1)
handl (9667,2)
happi (9203,1) (14055,1)
hard (6079,1)
harleysvil (13089,3)
harri (2618,1)
hart-scott-rodino (10895,1)
have (1069,2) (2618,2) (3168,1) (3396,4) (3533,1) (3701,4) (4524,2) (4988,3) (5896,3) (6079,1) (7355,3) (7736,1) (8574,1) (8746,1) (9203,1) (9667,3) (10091,2) (10633,3) (11144,1) (11349,1) (11947,2) (12356,3) (12500,1) (12732,1) (14055,1)
hawaiian (5630,1)
hawkin (12356,1)
hci (10895,1)
he (2618,5) (3168,1) (3396,3) (4524,3) (4944,5) (4988,1) (5630,1) (5896,2) (8117,9) (8574,1) (8746,6) (9203,4) (10091,10) (10268,1) (10633,2) (11144,3) (12732,1) (13270,2) (14055,3)
headquart (9203,1)
healthi (2618,1) (8746,3)
healthier (2618,1)
heavi (9031,2)
heavier (5896,1)
held (551,1) (2881,2) (7964,1) (10633,1)
help (4524,2) (4944,1) (5092,1) (8746,2) (9203,1) (9667,1) (10268,3)
hemingway (11349,2)
here (4386,1) (8117,1) (10091,1) (11385,1)
heritag (10895,4)
hgic (13089,1)
hi (2618,1) (3396,2) (4524,1) (9203,1)
high (5896,2) (8117,1) (9204,1) (12732,1)
high-tech (2618,1)
higher (4944,1) (8746,1)
highest (10091,1)
highli (11144,1)
hike (10065,2)
hikmat (10633,1)
hint (4944,1)
hit (10268,1) (14055,1)
hoechst (5402,2)
hold (5896,1) (10895,1) (13270,1)
holder (7158,1)
hope (4988,1) (9203,1)
horizon (797,1)
hospit (764,2)
hostil (11144,1)
hour (2618,8)
hous (4524,1) (6079,4) (8746,1) (9667,1)
houston (6425,1) (11143,1)
hover (8746,1)
how (6079,1) (9204,1) (9667,1) (10091,1)
howev (3157,1) (6079,1) (9203,1) (9667,3) (10268,2)
huge (4524,1) (8746,1)
hurt (14055,1)
i (6079,1) (10091,1)
ibm (10096,1)
icn (6041,1)
idea (6079,1)
ideal (4944,1)
identifi (9667,1)
if (2618,2) (3396,1) (4944,3) (4988,1) (6079,1) (6287,1) (8574,1) (10091,3) (10268,1) (11349,1) (13089,1) (14055,2)
ill (4944,1)
illinoi (59,4)
illustr (10268,1)
imbal (8746,1)
imf (14293,1)
immedi (7355,1) (11940,1) (13270,1)
impact (3396,1) (3701,1) (4944,1) (9203,1) (9667,1)
impend (4988,1)
imperi (11143,1)
impetu (10268,1)
impli (8117,1)
import (2618,1) (4524,1) (4944,4) (8117,1) (8574,1) (8746,4) (9203,1) (9667,1) (10268,2)
improv (2618,4) (8746,6) (11144,1)
in (95,2) (135,3) (307,4) (551,4) (797,3) (1069,2) (2244,2) (2618,35) (2872,1) (2881,5) (3168,2) (3396,14) (3533,2) (3701,3) (4372,3) (4524,3) (4944,30) (4988,5) (5059,2) (5253,11) (5608,2) (5630,2) (5896,7) (6079,4) (6287,1) (6425,4) (7158,1) (7167,2) (7355,10) (7504,1) (7736,1) (7964,2) (7997,3) (8117,8) (8574,2) (8741,3) (8746,30) (9031,1) (9036,4) (9203,11) (9204,3) (9667,5) (10091,7) (10096,1) (10268,21) (10633,5) (10892,1) (10895,2) (11143,2) (11144,5) (11349,2) (11385,1) (12732,6) (13089,3) (13270,3) (14055,1) (14099,1) (14603,1) (14604,2)
in-kind (4524,1)
inadequ (8117,1)
inc (764,1) (797,2) (1069,1) (2244,2) (2618,2) (3157,5) (3168,1) (3396,1) (3954,1) (4178,1) (4372,1) (4729,1) (4944,3) (5630,1) (6041,1) (7158,1) (7709,1) (7736,1) (7964,3) (8322,1) (9031,1) (9036,2) (10401,2) (10439,1) (10892,1) (10895,2) (11143,1) (11144,3) (11527,1) (11940,1) (12356,2) (12538,3) (13089,1) (14099,2) (14604,2)
inc. (2618,1) (4524,1) (4944,1)
incent (5896,1) (8117,1) (14055,1)
incept (9203,1)
inch (1069,2)
includ (59,1) (2872,1) (3396,3) (4372,1) (8741,1) (9667,1) (10268,6) (10895,1) (11144,1) (12732,1)
incom (2618,3) (4372,1) (8117,1) (8746,1) (9667,1) (11349,1)
increas (59,1) (2618,6) (3157,1) (3168,1) (3701,1) (4944,3) (4988,1) (5253,2) (7158,1) (7736,1) (8746,3) (9036,4) (11385,1) (12356,1) (12732,1)
indebt (9203,1)
independ (5630,1) (9204,1) (10091,1)
index (3533,1) (4944,1) (10091,3)
india (10268,13)
indian (10268,7)
indic (8746,1) (9036,1) (10091,2) (11349,1) (12732,3)
indirect (8117,1)
indirectli (8117,1)
indonesia (9203,2) (10268,1)
industri (135,1) (797,1) (2618,3) (3701,1) (4729,1) (4944,8) (4988,3) (7504,1) (8117,1) (9036,1) (9203,3) (11144,1) (14293,1)
industrialis (10091,2)
infanc (10633,1)
inflat (4944,8) (8746,1) (10091,2)
inform (4372,1)
ingvar (338,1)
inher (10268,1)
initi (3533,1) (4386,2) (6287,1) (9204,1)
inra (9203,15)
insignific (10268,1)
instal (5630,2)
instead (9667,1) (11144,1)
instrument (10633,1)
insur (7997,1) (13089,2)
integr (3396,1)
intend (3168,1) (5896,1) (6425,1)
intens (8117,1)
intensifi (9667,1)
intent (5608,1) (14099,1)
inter-arab (10633,1)
interbank (3533,1)
interefer (9203,1)
interest (551,2) (2244,2) (3396,1) (4372,1) (4944,1) (4988,1) (6079,1) (9036,1) (10091,2) (10268,1) (10633,1) (11144,1) (11349,1) (14055,1) (14293,2)
interfer (6425,1)
intern (551,2) (2881,1) (3168,1) (4944,1) (7504,2) (9203,2)
interst (11349,1)
interven (3533,1)
intervent (3701,5) (10091,1)
inteview (4988,1)
into (338,1) (2881,2) (3701,3) (4524,1) (7963,1) (7964,1) (8746,3) (9203,1) (9667,1) (10091,1) (10268,1) (14604,1)
inventori (2618,1) (4944,4) (8746,1)
invest (135,2) (4372,1) (4944,1) (11143,3) (11144,1) (12356,3) (13089,1) (14055,4)
investig (9667,1)
investor (3157,1) (3396,1) (7963,2) (7964,1) (10895,1)
involv (6079,1) (10268,1)
iron (10268,2)
irresist (10091,1)
is (551,3) (1069,3) (2618,6) (2881,1) (3157,1) (3396,4) (3701,1) (4524,3) (4944,11) (4988,1) (5630,1) (5896,3) (6079,3) (6425,1) (7355,4) (7504,1) (7736,1) (8117,6) (8746,6) (9031,2) (9036,1) (9203,1) (9204,1) (9667,4) (10091,2) (10268,13) (10633,3) (10892,1) (10895,1) (11144,4) (11349,4) (11385,1) (11940,1) (13089,1) (14055,1) (14293,1)
issu (6425,1) (9667,5) (14293,1)
it (135,6) (307,1) (338,1) (551,4) (764,2) (797,3) (2618,4) (2881,1) (3157,3) (3168,1) (3396,9) (3533,1) (4178,1) (4386,2) (4944,6) (4988,1) (5092,5) (5608,1) (5630,3) (6287,4) (6425,3) (7158,4) (7355,3) (7504,2) (7736,1) (7963,5) (7964,3) (8117,1) (8322,4) (8746,3) (9031,5) (9036,11) (9203,10) (9204,1) (9667,5) (10091,1) (10096,4) (10268,7) (10892,4) (10895,6) (11143,4) (11144,5) (11349,5) (11371,1) (11385,2) (11527,1) (11940,2) (12356,1) (12538,1) (12732,6) (13089,2) (14099,1) (14293,1) (14604,5)
itea/dunkirk (12164,1)
item (7167,1)
jack (3396,1)
jakarta (9203,1)
jan (135,1) (4729,1) (5254,2) (6273,1)
januari (2618,11) (4372,1) (4944,7) (5092,2) (5253,6) (5896,1) (7158,1) (8322,1) (8746,4) (9667,1)
january/februari (8746,1)
japan (8574,1) (8746,1) (13270,1)
japanes (8574,3) (9203,1) (14603,2)
jason (2618,1)
jean (551,1)
jeep (3396,1)
jeopard (11144,1)
jerri (5896,1)
job (2618,1) (8746,1)
jobless (2618,1) (8746,1)
joe (2618,1)
john (7997,2)
johnson (4524,3)
join (9203,1) (11144,1)
joint (9031,1) (9204,3) (10091,1) (14099,1)
joliet (59,1)
juli (4944,1)
jump (8746,3)
june (2881,1) (4988,1) (5896,2) (6287,1) (8322,1) (9667,1) (13089,1) (14603,1)
jurisdict (6425,1)
just (2618,1) (8117,1) (10268,1)
justic (10895,1)
jute (10268,2)
k. (11349,1)
kansa (6079,1)
keep (9203,3)
keng (9203,1)
key (7964,2) (8746,2) (11349,1) (12538,2)
keyc (12538,1)
keycorp (11349,11)
kidder (3396,1)
kiichi (13270,1)
killearn (12356,4)
kind (5630,2) (10268,1)
kirnan (3396,1)
kittiwak (7355,1)
knickerbock (551,2)
knight-ridd (14099,1)
know (6287,1) (8574,1)
known (9667,2)
kodak (2244,2)
korean (10268,3)
kpi (12356,1)
kri (14099,1)
kuwait (10633,1)
kuwaiti (10633,1)
lack (10633,1)
lake (11349,1) (11385,3)
lambert (4944,1) (11385,1)
lanka (9203,2)
larg (2618,1) (3396,1) (4944,1) (8746,1) (10268,1)
larger (2618,1) (7355,1) (10091,1)
largest (764,1) (4524,1) (4944,2) (7355,1) (8117,1) (9203,1)
last (1069,1) (3396,3) (4524,1) (4944,1) (4988,1) (5896,1) (6287,1) (8746,6) (9036,1) (9203,1) (9667,3) (11143,1) (11144,1) (11349,1) (11385,1)
late (4944,1) (14603,1)
later (338,1) (4524,1) (7355,1) (9204,1)
latest (4944,1) (8746,2)
latter (3396,1)
launch (9667,1)
law (3396,1) (5092,1) (8746,1) (10268,1) (11349,1)
lawrenc (8746,1) (11385,2)
lawson (7355,1)
lawsuit (3396,1)
lead (10091,1)
least (2618,1) (4944,1) (8746,1) (10091,1)
leav (10091,2)
led (135,1) (7963,1)
leg (5630,1)
legal (10633,1) (11144,1)
lehman (2618,1) (4944,1) (5896,1) (11144,1)
leigh-pemberton (10091,10)
lend (10091,1) (11940,1) (12732,4)
lesli (2618,1) (4944,1)
less (1069,1) (4944,2) (10268,1) (11349,1)
let (10091,1)
letter (5608,1) (11144,3) (14099,1)
level (59,1) (3533,1) (4524,1) (4944,1) (8117,1) (8746,2) (9203,2) (9667,1) (10091,6) (11385,1) (12732,1)
leverag (11144,1)
levi (8746,3)
levitt (5896,3)
liabil (3396,4) (5253,1) (7355,4) (14604,1)
licenc (12500,1)
licens (10895,1) (13089,1)
life (7997,1)
light (1069,3) (4944,1) (9031,2)
like (2618,1) (4944,1) (4988,2) (5896,2) (7355,1) (8746,1) (9203,3) (10268,1)
lim (9203,2)
limit (9203,1) (9667,2)
lincoln (11527,2)
line (4944,1) (11527,1)
link (10633,2) (11385,1)
linn (11527,1)
liqud (3533,1)
liquid (307,1) (7193,1) (8117,2) (9203,2) (12732,1)
list (11371,2)
littl (9203,1) (11385,1)
live (5896,2)
livestock (5896,2)
lme (11371,3)
load (59,1) (8117,1)
loan (2872,3) (5059,2) (5608,2) (6079,1) (8741,1) (9667,3) (11144,1) (11349,1) (14055,2)
locat (11144,1)
lock (11385,1)
london (11371,1) (12164,1)
long (8746,1) (9203,1) (12164,1)
long-term (797,1) (7736,1) (9036,1) (9203,1) (14293,1)
longest (2618,1)
look (2618,2) (4524,4) (4944,2) (8574,1) (10268,1)
lose (11385,1)
loss (1638,1) (3396,1) (4372,1) (5092,4) (7193,2) (7355,1) (7964,1) (8580,8) (8741,1)
lost (7355,1)
lot (3701,1)
loui (59,2)
louvr (10091,2)
low (4944,1) (10633,1)
lower (59,2) (3396,1) (4944,3) (4988,1) (5896,1) (9667,1) (10091,1)
lowest (1069,1) (2618,1) (8746,2) (10268,1)
lt (135,1) (551,1) (764,1) (797,2) (1638,1) (2049,1) (2886,1) (3157,3) (3168,2) (3396,1) (3954,1) (4178,1) (4372,1) (4386,1) (4729,1) (5092,1) (5402,1) (5608,1) (5630,1) (6041,1) (6273,1) (6287,1) (6425,2) (7158,1) (7167,1) (7193,1) (7504,1) (7709,1) (7736,1) (7963,1) (7964,2) (7990,1) (7997,1) (8322,1) (8580,1) (8741,1) (9031,2) (9036,2) (9204,1) (10096,1) (10439,1) (10892,1) (10895,2) (11143,1) (11144,1) (11349,2) (11527,2) (11940,1) (12356,1) (12538,1) (13089,1) (14099,2) (14604,2)
ltd (551,1) (764,1) (797,1) (5092,1) (7504,3) (12732,1)
lyle (8746,1)
lynch (2618,1)
lyng (4988,1) (8574,3)
m. (7963,1)
machineri (2618,1) (10268,1)
mackenzi (7355,1)
made (3168,1) (4524,1) (4944,1) (4988,1) (9036,2) (10268,2) (10895,1) (11144,2)
main (307,1) (5896,1)
mainli (7355,1) (8117,1) (10268,1)
mainstay (8746,1)
maintain (4944,1) (9203,1)
mairinqu (11371,1)
maiz (12500,2)
major (2872,1) (4988,1) (8117,1) (8587,2) (8746,1) (9203,1) (9499,2) (13270,2)
make (135,1) (551,2) (797,1) (1069,1) (2881,1) (4988,2) (5608,1) (10268,1) (14055,1)
malaysia (9203,3)
malaysian (9203,5)
manag (135,3) (764,1) (3396,2) (7964,1) (9203,1) (10065,2) (10895,1) (11144,3) (12356,1) (12732,1)
mandatori (7193,1)
manganes (12164,1)
manhattan (8580,1)
mani (4944,1) (5896,1) (8746,1) (10091,1)
manner (9036,1)
manufactur (797,1) (2618,4) (4944,4) (8746,4) (9204,2)
march (59,3) (2049,1) (2618,1) (2881,1) (2886,1) (4178,1) (5059,2) (5092,1) (5896,1) (6287,1) (7167,2) (7963,1) (7990,1) (8746,1) (9031,1) (9036,1) (10091,1) (10268,1) (10895,1) (11143,1) (11144,1) (12732,1)
margin (9667,1)
maria (4944,1)
marin (9031,1) (11940,2)
mark (5253,3) (8746,1)
market (307,2) (2618,5) (3533,3) (3701,1) (4524,4) (4944,2) (4988,2) (5896,12) (8322,1) (8746,1) (9203,5) (9204,1) (9667,1) (10091,4) (10268,1) (10633,2) (11144,1) (12500,2) (12732,2)
mason (11143,1) (12356,1)
massey-ferguson (5092,1)
match (7355,1)
materi (10895,1)
matur (307,1)
maximum (11349,1)
may (59,1) (135,2) (551,1) (1069,1) (2618,1) (3396,1) (4386,1) (4944,4) (4988,1) (5896,4) (7158,2) (7355,1) (9203,3) (10439,1) (10895,1) (11144,1)
may/earli (14603,1)
me (14055,1)
mean (2618,2) (9667,1)
meanwhil (5896,1) (9203,1)
measur (3157,1) (5253,1) (6079,1) (8746,1) (10268,1)
mechan (9203,1)
medium (9031,2)
medium-s (6079,1)
medium-term (8117,1)
meet (551,1) (1855,2) (4524,1) (5092,1) (8322,1) (9036,2) (10091,1) (10268,1) (10633,2) (10895,3) (13270,1) (14293,1)
melnikov (4988,1)
member (3701,1) (7963,1) (9203,5) (10268,1) (10895,1) (11143,1) (11349,1)
membership (10091,1)
memphi (12356,1)
memphis/cairo (59,2)
mention (10091,1)
merchandis (2618,1) (10892,1)
merchant (59,1)
merger (1855,2) (3157,2) (3168,1) (11349,2) (14604,1)
merit (6425,1)
merril (2618,1)
metal (797,1) (10268,1) (11371,1)
method (4372,1)
mfg (7990,1)
miami-bas (135,1)
mickey (8746,1)
middl (2618,1)
midland (11940,2)
might (4944,1) (4988,2) (9036,1) (9203,2) (9667,1) (10091,1) (11144,1) (12356,1)
miller (5896,1) (7355,1)
million (3701,1) (4944,2)
mind (14293,1)
miner (10268,2) (12164,2)
minimum (4988,1) (5253,1) (11349,1)
minist (338,1) (9203,1) (13270,2)
ministri (10268,2) (13270,1)
minu (1069,2)
mississippi (59,3)
mix (9203,1)
miyazawa (8587,2) (13270,2)
mlc (8580,1)
mln (95,2) (307,5) (551,2) (1638,4) (2872,3) (3157,1) (3168,1) (3396,8) (3533,1) (3701,2) (3954,4) (4372,7) (4729,2) (4944,2) (4988,9) (5059,2) (5092,4) (5402,2) (5608,2) (5630,2) (6273,2) (7963,2) (7964,4) (8117,1) (8322,1) (8580,4) (9667,3) (10268,1) (11349,6) (11385,3) (11947,2) (12732,2) (13089,1)
mmb (11940,1)
mmtc (10268,3)
model (10633,1)
moder (4944,1) (8746,1)
modest (7736,2) (8746,2)
moin (2881,1)
momentum (2618,1)
monday (4386,1)
monetari (2618,1) (4944,2) (10091,2) (10633,1) (14055,2)
money (307,2) (3533,2) (4944,1) (5253,3) (12732,1)
month (2618,1) (4944,2) (5092,1) (5253,5) (5896,4) (8574,1) (8746,2) (10091,1) (10268,1)
month-to-month (4944,1)
monthli (4944,1)
montreal (11385,1)
moodi (3157,5) (3396,1)
moor (5630,5)
more (135,1) (2618,1) (3168,2) (4524,4) (4944,2) (4988,1) (5896,1) (6079,1) (7736,1) (8574,1) (8746,1) (9203,1) (9667,5) (10091,2) (10268,1) (10633,1) (14055,1)
morgan (4944,1)
morn (1069,1) (3533,2) (11385,1)
mortgag (5608,1) (8746,1)
moscow (4988,2)
most (2618,2) (3533,1) (5630,1) (8746,2) (9203,3) (10268,1)
mostli (551,1) (4944,1) (8746,1)
motiv (4988,1)
motor (3396,2)
move (2618,1) (4944,1) (5092,1) (9667,1) (10091,2) (10633,1) (11385,1) (12732,1)
mt (12164,5)
mth (3954,1) (6273,1) (8580,2)
much (2618,2) (3396,1) (4944,1) (5896,1) (8117,1) (8746,1) (9204,1) (9667,1) (11143,1)
much-smal (3396,1)
multi-famili (8746,1)
must (9203,1) (10633,1)
mutual (7997,1) (13089,2)
n't (2618,1) (3396,3) (5896,1) (14055,1)
n.j. (14099,1)
n.v. (7504,1)
n.y. (14099,1)
n.z (12732,2)
name (764,1)
naphtha (9031,2)
narrow (10268,1)
nashashibi (10633,3)
nation (2618,1) (2881,1) (8580,1) (8587,2) (8746,1) (10091,4) (10633,1) (13270,4) (14293,1)
natur (6425,2) (9203,1) (10268,1)
near (1069,1)
nearbi (5896,2)
necessari (4178,1) (4524,1)
necessit (4944,2)
need (2618,1) (4524,1) (4944,2) (4988,4) (8746,1) (10895,1) (12732,1)
neg (2618,1) (5896,1)
negoti (3396,1) (11349,1)
nervou (12732,1)
nervous (12732,1)
nestl (797,5)
net (95,2) (551,1) (1264,2) (1638,4) (2618,2) (3954,3) (4372,3) (4729,2) (5092,3) (5402,2) (6041,2) (6273,3) (7193,3) (7736,1) (8580,3) (8741,4) (11349,2)
netherland (7504,1)
network (7158,1) (11143,2)
neutral (3701,1)
never (2881,1) (9203,1)
new (2881,1) (3396,3) (4944,1) (5630,2) (6079,1) (7355,4) (7964,1) (8117,2) (8746,2) (9203,16) (10268,2) (11349,1) (12732,3) (14604,1)
newli (14604,1)
news (338,1) (10633,1)
next (59,3) (1069,3) (2881,1) (4944,1) (8574,1) (8746,1)
nigel (7355,1)
night (1069,5)
nikko (4944,1)
nil (1264,1)
nine (5092,1) (6273,1) (10268,1) (11385,1)
no (59,5) (2618,2) (4944,1) (4988,1) (5896,1) (7167,1) (7355,1) (10091,2) (12356,1) (14293,2)
nomin (10091,1)
non-communist (10268,2)
non-convert (10268,1)
non-farm (2618,1) (8746,1)
non-market (3396,1)
non-prt (7355,2)
nonetheless (4944,1)
nonrecours (6079,1) (9667,1)
normal (4524,1) (6079,1) (9203,1) (12732,1)
north (3168,1) (7355,1) (12164,1)
northern (1069,2)
not (1069,1) (2618,4) (3396,1) (3533,2) (3701,1) (4524,1) (4944,8) (4988,1) (5896,2) (6079,2) (6287,1) (7193,2) (7355,2) (7736,1) (8741,2) (8746,3) (9036,1) (9203,1) (9667,3) (10065,2) (10091,7) (10268,4) (10633,1) (11144,4) (11349,1) (11527,1) (14055,1) (14293,1)
note (307,1) (1638,1) (2618,3) (3157,1) (3396,2) (4372,1) (4524,1) (4944,1) (4988,1) (5402,1) (5896,2) (7193,1) (7964,1) (8741,1) (10091,2)
noth (10268,1)
nov (1264,1)
novemb (2618,1) (3396,1) (9667,1)
now (2618,1) (8117,1) (10091,2) (10268,1)
nppc (2881,1)
nudg (2618,1)
number (3396,1) (4944,1) (4988,1) (5896,1) (7736,1) (7963,1) (8117,1) (8746,3) (9036,1) (10091,1)
numer (4988,1)
o'har (5896,1)
o. (12356,1)
oahu (5630,1)
object (14293,1)
oblig (11144,1)
obtain (9667,1) (10895,1)
octob (5092,1) (9203,1)
october-decemb (8746,1)
odd (9667,1)
of (59,2) (135,2) (307,3) (338,2) (551,4) (797,3) (1069,5) (1638,2) (2618,14) (2872,1) (2881,1) (3157,7) (3168,1) (3396,15) (3533,5) (3701,2) (4178,3) (4372,4) (4386,2) (4524,6) (4944,23) (4988,7) (5092,2) (5253,1) (5402,1) (5608,4) (5630,5) (5896,9) (6079,7) (6287,2) (6425,2) (7158,2) (7167,1) (7355,13) (7504,2) (7736,1) (7963,7) (7964,4) (7997,1) (8117,7) (8322,1) (8574,1) (8746,33) (9031,2) (9036,6) (9203,20) (9499,2) (9667,15) (10091,12) (10096,1) (10268,11) (10633,12) (10892,1) (10895,3) (11143,3) (11144,8) (11349,16) (11385,2) (11527,3) (11947,2) (12356,5) (12500,3) (12538,2) (12732,4) (14099,1) (14293,2) (14603,1) (14604,7)
off (3396,1) (5630,1) (8746,1)
offer (59,10) (3701,5) (4178,1) (4988,3) (6079,1) (9036,2) (10065,2) (10268,2) (11144,10)
offic (4524,1) (7158,1) (9667,2)
offici (307,1) (2618,1) (3396,1) (4524,1) (4988,3) (5254,2) (8746,1) (9203,4) (9667,5) (10268,6) (10633,1) (11385,2) (13270,1) (14293,3)
offset (307,1) (5896,1) (7355,3)
offshor (7355,1)
often (10268,1) (10633,1)
ohio (59,2)
oil (4386,4) (5630,2) (7355,2) (8117,8) (9031,4) (10091,3) (10268,3)
oil-gener (8117,1)
oklahoma (8574,1)
oliv (3168,1)
omaha (10892,1)
oman (10633,1)
on (59,5) (551,1) (797,1) (1069,1) (1855,2) (2872,1) (3157,2) (3396,3) (3533,1) (4178,1) (4372,2) (4524,2) (4944,3) (4988,3) (5092,3) (5253,1) (5896,5) (6079,6) (6287,1) (7158,1) (7193,1) (7355,9) (7504,1) (7997,1) (8117,6) (8322,1) (8587,2) (8746,2) (9036,2) (9203,2) (9667,6) (10091,3) (10268,3) (10633,1) (10895,1) (11143,1) (11144,2) (11349,3) (11385,1) (12732,4) (13270,1) (14293,4)
onc (11143,1)
one (551,1) (1069,1) (2618,1) (3701,3) (3954,1) (4944,1) (5630,1) (6273,1) (7709,1) (7736,1) (7964,1) (8746,1) (9203,1) (9667,2) (10091,2) (10268,3) (10439,1) (12164,1) (14604,1)
one-for-f (8322,1)
one-third (7504,1) (8117,1) (8746,1)
onli (338,1) (1069,2) (2618,3) (2881,1) (4944,1) (4988,1) (7355,1) (9203,1) (9667,1) (10268,1) (10633,1)
ontario (797,1) (11385,2)
open (5896,2) (9203,1) (10268,1) (11385,3) (14293,1)
oper (135,2) (764,1) (797,2) (1638,4) (3168,1) (3533,1) (4372,1) (4386,3) (5092,1) (5896,1) (7193,2) (8580,6) (9203,3) (10091,1) (11349,1) (12500,1)
opportun (8574,1)
optimist (9203,1)
or (135,2) (551,1) (797,1) (1069,1) (1638,2) (5630,1) (7193,1) (7736,2) (7963,1) (8746,1) (9036,1) (9203,2) (9667,6) (10268,2) (10633,2) (10895,1) (11143,1) (11349,1) (12356,1) (14055,1)
oral (10091,1)
order (797,1) (2618,3) (6425,1) (8746,3)
ore (10268,2) (12164,4)
origin (9667,1)
orvil (2881,1)
osr (551,4)
osrc (551,1)
other (4944,1) (6079,1) (7355,2) (8746,1) (9036,2) (9203,1) (9667,1) (10268,4)
otherwis (9667,1)
ottawa (764,1)
our (3168,1) (8574,1) (10091,2)
out (4944,2) (4988,1) (6079,1) (9203,1) (9667,1) (14293,1)
outflow (307,1)
outlay (9667,4)
outlin (3396,1)
outlook (59,1) (2618,1) (4944,1) (7736,2) (8746,1)
output (4944,6) (8117,4)
outsid (5253,1) (7355,1)
outstand (6287,1) (7504,1) (7963,1) (8322,1) (9036,2) (11349,2) (12356,1)
outstrip (4944,1)
over (338,1) (551,1) (1069,2) (3396,1) (4524,1) (5253,5) (5608,2) (6079,1) (8117,2) (8746,2) (9667,2) (10268,1)
over-reli (8117,1)
overal (3701,1) (10091,1)
overhang (3396,1) (9203,1)
overhaul (2881,1)
overnight (3533,1) (14603,1)
oversea (2618,1) (4944,2) (8746,1)
overshadow (5896,1)
owensboro/south (59,1)
own (797,1) (4944,1) (5402,1) (7504,1) (11143,1) (11144,1) (11349,1)
owner (551,1)
ownership (4386,1)
pace (5896,2)
pacif (5630,2)
packag (797,1)
pact (9203,10) (10091,1) (13270,2) (14293,1)
paid (3396,2) (10268,1)
panel (6079,1)
paper (2618,1) (7167,1)
pari (10091,2) (13270,3) (14293,1)
parliamentari (13270,1)
part (551,1) (2618,1) (2881,1) (3396,1) (4524,2) (5896,1) (7964,1) (8746,1) (9667,1) (10268,1)
parti (338,2) (10268,2)
partial (9667,1)
particip (7355,1) (12732,2)
partli (307,1) (9667,1)
partner (10268,1) (11143,1)
partnership (9036,1) (11143,2) (11144,1)
pass (11385,1) (12732,1)
passeng (4944,1)
past (10268,1)
pat (4944,2) (6079,1)
patran (10096,1)
pattern (8746,1)
pauciti (10633,1)
paul (4944,1) (14055,1)
paulo (11371,1)
pay (2049,1) (2886,1) (5092,1) (6287,1) (7355,5) (7709,1) (7990,1) (9667,1) (10439,1)
payabl (6287,1) (7158,1) (7167,1)
payback (7736,1)
payment (3396,1) (6079,3) (7167,1) (9667,1) (10268,2)
payment-in-kind (9667,2)
payout (2886,1) (7167,1)
payrol (2618,1)
pci (14604,1)
pct (59,10) (135,2) (551,2) (1069,2) (2244,2) (2618,14) (3365,8) (3396,1) (3533,1) (4524,1) (4944,24) (5253,9) (5254,4) (5896,5) (6079,2) (7158,2) (7355,5) (7504,1) (7736,1) (7963,1) (7964,1) (7997,1) (8117,1) (8322,1) (8746,15) (9203,2) (9667,3) (10091,2) (10268,4) (11143,2) (11349,1) (11940,2) (12356,2) (12732,4)
pda (10096,4)
peabodi (3396,1)
peg (10633,2)
pend (4178,1)
penni (6079,1)
pension (3396,2)
per (4386,1) (4944,1) (4988,1) (6079,1) (6287,1) (7736,1) (8117,1) (9667,1) (12500,1)
percentag (59,1) (12732,1)
perform (8117,2) (9204,1)
period (3533,1) (4372,1) (4988,1) (5253,2) (7736,1) (8746,3) (11349,2)
permit (4944,1) (5630,1)
person (2618,2) (6079,2) (8746,1) (12356,1)
peter (2618,1)
petroleum (7355,1) (8117,1) (9031,1) (9204,3) (10268,1)
phillip (9204,3)
pick (2618,2) (4944,1) (8746,2)
pictur (2618,1)
pie (3157,1)
piedmont (1855,2) (3157,1)
pik (4524,1) (9667,6)
pik-and-rol (9667,1)
pinpoint (9667,1)
pipelin (6425,1)
place (4944,1) (5896,1)
placement (5896,4)
plan (135,1) (3396,1) (4178,1) (6079,1) (6425,2) (7158,1) (7963,1) (8322,2) (10065,2) (10892,1) (12356,1) (13089,1)
plant (5092,1) (11371,1)
plantat (9203,1)
platform (10268,1)
plausibl (10633,1)
plaza (10091,1)
pleas (2618,1) (14055,1)
pledg (13270,1)
point (59,4) (2618,2) (4944,5) (4988,1) (9667,1) (10091,1) (10268,1) (12732,1)
poland (1069,2)
polici (338,1) (2618,3) (4944,2) (8117,1) (10091,2) (10268,2) (10633,2) (14055,3)
policyhold (13089,1)
polit (3168,1) (3701,1) (4988,1) (13270,1)
poll (9203,1)
polyphenylen (9204,3)
pool (11349,1)
poorest (14293,2)
pork (2881,4)
port (12164,1)
portend (4944,1)
pose (8117,1)
posit (797,1) (3396,1) (4944,1) (8117,1)
possibl (1069,4) (3157,2) (4944,1) (9203,1) (11349,1)
post (5092,1) (9031,4)
postur (5896,1)
potenti (3157,1) (4988,1) (9203,1) (10091,1)
pound (10091,1)
power (338,1) (8746,1) (10268,1)
powerin (4386,4)
ppi (4944,4)
pr (7997,1)
practic (9667,1) (10633,1)
pre-plaza (10091,1)
pre-tax (4372,1)
predict (8746,4)
predominantli (3168,1)
prefer (7193,2) (7964,1) (9203,1) (10091,1) (10268,1)
preliminari (9667,1) (10895,1)
prep (11527,1)
prerequisit (10633,1)
present (8117,1) (10633,1) (12732,1)
presid (4524,1) (10633,1)
press (8746,1)
pressur (4944,1) (8746,1) (9203,1) (10091,1)
pretax (4372,1) (8741,1) (11947,2)
pretti (2618,1)
prevent (9203,2)
previou (3396,1) (5092,2) (7167,1) (10091,1)
previous (2618,4) (4944,1) (7990,1) (10892,1)
previously-announc (12538,1)
pri (5630,3)
price (3396,2) (4944,14) (4988,7) (6079,1) (7964,1) (7997,3) (8117,2) (8746,3) (9031,3) (9203,16) (9667,4) (10091,2) (10268,1) (11144,3) (11349,3)
primari (9203,1) (12732,1)
primarili (9667,1)
prime (338,1) (11940,2)
princip (3396,1)
principl (7964,1) (10091,1)
prior (2049,1) (2886,1) (5253,1) (7167,1) (7709,1) (10439,1) (11349,1)
prioriti (338,1)
privat (1069,1) (7964,1) (8746,1) (10268,1)
privately-held (4386,1)
privatis (12732,1)
probabl (3157,1) (7355,1)
problem (3396,1) (3701,1) (4524,1) (4988,2) (10091,1) (10096,1) (10268,2)
proceed (6425,2) (14055,1)
produc (2881,2) (4944,8) (6079,1) (9203,12) (9204,1) (10268,1) (11371,1)
product (2618,6) (3168,2) (4386,1) (4944,10) (5608,1) (5630,1) (6079,1) (8746,3) (9031,1) (10268,1) (11527,2)
profession (14604,1)
profit (3168,1) (4524,1) (5092,2) (7193,2) (7355,1) (7736,1) (8580,3) (8746,1) (11144,1)
program (4524,5) (6079,2) (9667,3) (10096,1)
prohibit (6079,1) (6425,1) (7963,1)
project (7736,1) (8117,1) (10633,1)
promis (8746,2)
promot (4524,2) (10268,3)
prompt (4988,1)
properti (551,1) (12356,2) (13089,1)
propos (1855,2) (3157,3) (3396,3) (6079,5) (9036,7) (10895,1) (11349,1) (14293,1) (14604,1)
prospect (4988,1)
protect (6079,1)
protection (10268,1)
protocol (10268,1)
prove (10091,1)
provid (4988,1) (5896,1) (8746,1) (9036,2) (10091,1) (10633,1) (11144,2) (11349,1) (14293,1)
provis (8741,2) (9203,1)
provision (5253,1) (5254,2) (9203,1)
proxi (10895,1)
proxmir (14055,1)
prt (7355,10)
prt-pay (7355,1)
psycholog (9203,1)
public (6287,1) (8741,1)
publicli (7964,1)
pull (3396,1)
purchas (3396,2) (4178,1) (4988,1) (7504,1) (7963,4) (8746,1) (9203,2) (11527,2)
purpos (12164,1)
purs (10091,1)
push (10268,1)
put (3701,1) (4524,1) (4944,1) (5896,1) (9667,1) (14055,1)
qatar (10633,1)
qtli (2049,1) (2886,1) (7167,1) (7709,1) (7990,1) (10439,2)
qtr (1264,1) (1638,1) (3954,1) (4372,1) (4729,1) (5092,1) (6041,1) (6273,1) (7167,1) (7193,1) (8580,1) (8741,1) (10401,2)
qualifi (7355,1)
quarter (2618,7) (4944,5) (5092,3) (5896,1) (8741,1) (8746,11) (10096,2)
quarterli (7709,1)
question (6079,1) (9203,1) (11144,1) (14055,1)
quietli (10268,1)
quit (10633,1)
quot (59,2) (3396,1) (13270,1)
r-kan. (6079,1)
radic (11144,1)
rail (10268,1)
railroad (5608,2)
railway (1638,1) (10268,1)
rais (135,2) (4944,1) (5092,1) (6079,1) (9031,3) (10439,1) (11940,2) (12732,5)
ramapo (14099,1)
ramirez (4944,2)
rang (5253,1) (8117,1) (8746,2) (9667,1) (12500,1)
rapese (14603,2)
rate (59,2) (2618,5) (3157,1) (3396,2) (3533,1) (4944,5) (6287,1) (7355,1) (8587,2) (8746,8) (9667,1) (10091,9) (10633,1) (11940,2) (12732,4) (13270,1) (14055,1) (14293,2) (14604,1)
rather (4988,1) (8580,1)
ratifi (9203,1)
ratio (11349,1)
ray (2618,1)
rbsn (135,1)
re-examin (9667,1)
reach (7964,1) (9667,1) (10091,1) (10268,1) (11144,1) (14293,1)
react (4944,1)
reaction (9203,1)
read (2618,1)
reafffirm (13270,1)
reaffirm (13270,1)
reagan (6079,1) (8746,1) (9667,1)
real (2618,1) (4944,1) (9036,1) (11143,1)
reason (2618,2) (4944,1)
reassess (9667,1)
rebat (12500,1)
rebuild (8746,1)
receiv (6079,3) (7504,1)
recent (135,1) (3701,1) (4988,2) (10268,4) (12732,1)
recess (1855,2) (8746,1)
recipi (9667,1)
recogn (4524,1)
recognis (10633,1)
recommend (135,1)
record (2049,1) (2886,1) (4178,1) (4944,1) (6287,1) (7158,1) (7167,1) (7709,1) (7990,1) (8574,1) (8746,1) (10268,1) (10439,1)
recoveri (8117,1) (8741,1) (8746,2)
redco (11527,1)
redeem (9667,1)
redempt (7193,1)
reduc (3168,1) (5630,1) (7355,1) (7963,1) (8746,1) (10091,1) (10096,1) (12732,1)
reduct (6079,1) (8746,1)
reed (5630,1)
refer (3396,1)
refin (3396,1) (5630,1) (11144,1)
refineri (4386,4) (5630,2)
reflect (4944,3) (8117,1)
reform (9499,2)
regard (10091,1)
regi (2049,1)
region (8746,2) (9203,1) (10633,1)
regul (11349,1)
regular (2049,1) (6287,1) (7990,1)
regulatori (4178,1) (10895,1) (13089,1)
reid (12356,1)
reinforc (4944,1)
reject (3157,1) (11144,3)
relat (7504,1) (12732,1)
relationship (10091,1)
reli (8117,1)
relief (7355,4) (14293,3)
reliev (9667,1)
remain (1069,1) (3157,2) (4944,1) (8322,1) (8746,3) (9203,1) (10268,1) (10633,1) (11143,1)
remaind (7964,1)
remark (8574,1)
remov (3396,1) (8574,1)
renault (3396,6)
renew (4944,1) (5896,2)
rent-a-car (7158,2)
rental (7158,2)
reorgan (6425,2)
rep. (6079,2)
repay (9667,1) (10268,1)
replac (9203,1)
report (1069,1) (2618,8) (4524,1) (4944,3) (4988,2) (5092,1) (5253,1) (5896,6) (7355,5) (7736,2) (8746,6) (9667,2) (14293,2)
repres (8117,1)
reps. (6079,1)
republican (6079,1)
repurchas (7963,1) (10859,2)
request (12500,2) (14604,1)
requir (551,1) (797,1) (3157,1) (5092,1) (5253,1) (6079,1) (10268,1) (10895,1)
research (9667,1)
reserv (95,2) (2618,2) (2872,1) (3396,1) (4944,3) (5253,1) (6425,1) (8117,2) (8746,1) (10268,1) (12732,2) (14055,4)
residenti (8746,1)
residu (9031,1)
resin (9204,2)
resourc (3168,1) (3954,1) (4944,1) (5630,2)
respect (307,1) (8746,1) (9204,1) (10268,1) (10895,1)
respond (9036,2)
respons (8117,1) (11144,1) (14055,1)
restor (8117,1)
restrain (6425,1) (14055,1)
restrict (6079,1) (7355,1) (8574,2) (10268,1) (14055,2)
restructur (10892,1)
resubmit (9036,1)
result (2618,1) (4372,1) (7964,1) (11144,1)
resum (4386,2) (10096,1)
retail (2618,2) (5254,2) (10892,4)
return (2618,1) (4944,1) (7355,1) (9203,1) (10268,3)
reuter (3396,3) (3701,1) (4988,2) (9203,3) (9667,1) (10268,1)
rev (1638,2) (3954,2) (4372,1) (5402,1) (7193,2) (8580,2)
revenu (7355,1) (8117,2) (10096,1)
revers (8322,3)
review (3157,3) (8117,1) (9667,1)
revis (2618,2) (3157,1) (4988,1)
reviv (4944,1)
reynold (11144,4)
rgi (2049,1)
richard (4988,1) (8574,1) (11349,1)
rig (10268,1)
right (551,1) (4178,2) (6425,1)
rise (2618,1) (4944,10) (4988,1) (5059,2) (5253,3) (5254,2) (7355,4) (8117,1) (8746,4) (9203,4) (12732,1)
rival (3396,1)
river (59,9)
roach (4944,4)
robbin (4524,1)
robert (4944,1) (5630,1) (6079,2)
robeson (135,5)
robin (5896,1) (10091,1)
robust (2618,1)
role (10091,1)
roll (4524,1) (9667,1)
romania (1069,2)
room (2618,1) (8574,1)
rose (2618,5) (4944,8) (5253,2) (7736,1) (8746,2) (9203,1)
roughli (4944,1)
rt (7709,1)
rubber (9203,13)
rule (338,1) (4988,1) (6425,1) (10268,1)
rumor (4988,1)
run (4386,1) (5896,2)
rupe (10268,1)
russ (7709,1)
s. (338,1) (3168,1)
sa (797,1)
sach (2618,1)
safe (2886,1)
safeti (3396,1)
said (59,1) (135,3) (307,1) (338,1) (551,6) (764,2) (797,3) (1069,1) (2618,16) (2872,2) (2881,3) (3157,3) (3168,3) (3396,9) (3533,2) (3701,3) (4178,1) (4386,4) (4524,7) (4944,22) (4988,11) (5092,4) (5608,2) (5630,5) (5896,8) (6079,4) (6287,4) (6425,2) (7158,2) (7355,5) (7504,2) (7736,2) (7963,4) (7964,4) (7997,1) (8117,12) (8322,4) (8574,1) (8746,13) (9031,5) (9036,4) (9203,15) (9204,1) (9667,6) (10091,13) (10096,3) (10268,13) (10633,5) (10892,2) (10895,3) (11143,1) (11144,9) (11349,8) (11371,1) (11385,2) (11527,1) (11940,1) (12356,3) (12500,1) (12538,1) (12732,4) (13089,2) (13270,1) (14055,4) (14099,1) (14293,3) (14603,1) (14604,3)
salari (2618,1)
sale (551,1) (1264,1) (2618,1) (4372,1) (4729,1) (4944,3) (5254,2) (6041,1) (6273,2) (7964,2) (10892,1) (11947,2)
salt (11349,1)
same (59,3) (5253,2) (8322,1) (8574,1) (11385,1)
sanction (338,3)
sand (12164,1)
sao (11371,1)
saudi (10633,1)
save (4524,1) (6079,1) (6287,2) (7355,2) (8741,1) (9667,5)
say (95,2) (1069,1) (5059,2) (6425,1) (8587,2) (8746,1) (9204,1) (9667,1) (10065,2) (10633,2) (10859,2) (13270,1) (14293,1)
scant (1069,1) (8746,1)
schedul (4386,1) (8322,1) (10268,1) (11385,1)
schwab (2886,1)
scienc (4372,1)
scott (764,3)
sea (7355,1)
sea/usg (12164,1)
search (10268,1)
season (11385,3)
seat (7504,1)
seaway (11385,3)
second (4944,1) (8746,3)
secretari (4988,1) (8574,1) (9667,1)
section (59,1)
sector (4944,1) (8746,3)
secur (135,1) (338,1) (2618,1) (4372,1) (4944,2) (7963,1) (7997,1) (10895,1) (11143,1) (11144,1) (11349,6) (12356,1)
see (2881,1) (7736,1) (8746,2) (9203,1) (10091,1) (13270,1) (14055,2)
seek (5092,1) (8322,1) (9203,1) (10895,1) (11144,1) (12356,1) (13089,1) (14604,2)
seem (9203,1)
seen (4944,1) (5896,1) (6079,1) (10091,1)
select (10091,1) (10268,1)
self-suffici (8117,1)
sell (551,1) (3365,2) (4944,1) (4988,2) (7964,2) (9203,1) (10268,2) (10892,1) (11143,1) (14099,1)
selloff (11144,1)
semiannu (14293,1)
sen (14055,1)
senat (9667,2) (14055,1)
send (5896,1)
senior (3157,2) (4524,1) (8322,1) (8746,1) (9667,2) (10895,1) (14293,1)
sens (2881,1)
separ (764,1)
sept/dec (59,1)
sept/nov (59,1)
septemb (9667,1) (10091,1)
seri (10633,1)
seriou (3396,1) (3701,1)
servic (764,2) (2618,2) (3157,1) (3396,1) (5608,1) (5630,1) (8746,1) (9667,1) (10268,3)
session (59,1) (2881,2)
set (2049,1) (5253,1) (6287,1) (7158,1) (7709,1) (7990,1) (9204,1) (9667,1) (10091,2) (10859,2)
settlement (4372,1)
seven (4372,1) (4944,2) (10091,1) (12164,1) (12732,1) (14604,1)
sever (9031,1)
sgma (6273,1)
share (135,3) (551,1) (3396,1) (5092,1) (6287,2) (7736,3) (7963,6) (7997,1) (8322,1) (9036,2) (11143,2) (11144,1) (11349,7) (12356,1)
sharehold (551,1) (3396,1) (4178,1) (5092,2) (6287,1) (7193,2) (8322,2) (9036,2) (10895,1) (11144,8) (11349,2) (14604,2)
sharp (4944,2) (9203,3)
she (5896,1)
shearson (5896,1) (11144,2)
sheet (5092,1)
shex (12164,1)
shinc/3,000 (12164,1)
ship (59,1) (5630,2) (8746,1) (10268,1) (11385,3)
shipment (10096,2) (14603,1)
shipmetn (10096,1)
short (10091,1) (10268,1)
short-term (3396,1)
shortag (307,1) (3533,1)
shortli (10895,1)
should (2618,1) (8574,1) (9203,1) (10268,1)
show (2618,3) (2881,5) (4944,4) (5253,3) (5896,1) (7167,1) (8580,1) (8746,8) (10091,1) (10268,2)
shr (1264,1) (1638,4) (3954,2) (4372,1) (4729,2) (6041,2) (6273,2) (7193,2) (8580,3) (8741,2) (10401,2)
shrink (10268,1)
shutdown (5092,1)
side (4944,1)
sigmaform (6273,1)
sign (4944,2) (5608,1) (8746,5) (9667,1) (10268,1) (11349,1) (14099,1)
signal (2618,2)
signatur (9203,1)
signific (4988,1)
sinc (2618,2) (3396,1) (4944,1) (5896,2) (8746,1) (9203,1) (10091,1) (11144,2)
singapor (9203,1)
singer (135,1)
singl (10633,2)
single-point (5630,1)
sit (2618,1)
situat (2618,1) (4944,1)
six (2618,1) (5253,5) (6287,1) (8580,1) (8746,1) (10091,3) (10633,1) (13270,1)
size (3168,1) (7158,1) (7355,1)
slicer (11527,1)
slifer (2618,1) (4944,3)
slightli (4944,1) (5253,1)
slim (2618,1) (4944,2)
slip (8746,1)
slow (8746,3) (10268,1)
slowdown (8746,1)
slower (5253,1)
sluggish (8746,2)
small (7355,2) (10268,1) (10633,1)
small- (6079,1)
smaller (3168,1) (3396,1) (7355,2) (8746,1)
smith (2618,1) (5896,1)
snow (1069,5)
so (2618,2) (3701,1) (5896,1) (8117,1) (9036,1) (14293,1)
soar (8746,1)
social (338,1)
softwar (10096,2)
sold (7997,2) (9667,1) (10268,1) (10892,1) (11143,3)
solid (2618,1)
solmec (7504,3)
solomec (7504,1)
some (307,2) (1069,2) (2618,3) (3533,1) (4988,2) (7355,1) (8746,6) (9203,3) (10091,1) (10268,1)
someth (10091,1)
soon (10633,1) (11349,1)
sought (10091,2) (10268,1) (11143,1)
sound (3168,1)
sourc (3396,4) (3701,1) (4988,6) (9203,1) (9667,3) (10268,8) (12500,1) (13270,1) (14603,1)
south (59,1) (338,1) (10268,2) (12164,1)
southeastern (12356,1)
southern (7355,1) (13089,1)
southwest (5630,1)
soviet (1069,1) (4988,12) (10268,2)
soybean (4524,1) (6079,1)
spain (12164,1)
spark (4988,2) (6079,1)
speak (3396,1) (3701,1)
special (5092,1) (10895,3)
specif (5092,1) (7736,1)
specul (4988,1) (11144,1)
speech (8574,1)
spend (2618,3) (7355,1) (8746,3) (9667,1) (14055,1)
spill (8746,1)
spilt (2881,1)
split (8322,3) (9036,2)
spokesman (3701,3) (5092,2) (9204,1) (11144,1)
spokeswoman (10268,1)
spot (12164,1)
spotti (1069,1)
spread (4524,1) (4988,1) (5896,2)
spur (9203,1)
squar (12732,1)
squeez (8746,1) (14055,3)
sri (9203,2)
ss (2886,1)
st (59,2) (11385,3)
stabil (9036,1) (10091,1) (13270,1)
stabilis (9203,3) (10091,1)
stabl (3168,1) (4944,1) (9203,2) (10633,1) (13270,1)
stagger (9036,1)
stake (135,2) (7504,1) (7997,3) (11143,3) (11947,2) (12356,1)
stand (4944,2)
standard (551,2) (10065,2)
standstil (7963,1)
stanley (4944,1)
start (7355,1) (7736,1) (8746,1) (10633,1)
state (3701,1) (5092,1) (6425,1) (8574,1) (8746,2) (9203,1) (10268,3) (10633,2) (13089,1) (14293,1)
state-run (10268,1)
statement (12732,1)
station (59,1)
statist (2618,1) (8746,1)
statu (3157,1)
stay (2618,1)
stc (10268,1)
steadi (59,1) (5253,1) (5896,1) (8746,1)
steel (2618,1) (10268,2)
step (10268,1)
step-by-step (10091,1)
stephen (4944,1)
sterl (3533,3) (10091,3)
steve (2618,1) (4944,1)
stg (307,6) (3533,1)
stick (9667,1)
stiker (4944,1)
still (2618,1) (4944,2) (4988,1) (5896,1) (10091,1) (10268,2) (10633,1)
stimul (8746,1)
stock (3396,1) (4178,1) (5253,3) (6079,1) (7158,2) (7504,1) (7963,4) (8322,2) (9036,2) (9203,14) (9499,2) (11144,2) (11349,2) (12356,1) (14604,2)
stockbrok (7355,2)
stone (2618,2)
stood (10268,1)
stop (797,1) (3365,4)
storag (4524,2) (9667,3)
store (9667,1) (10892,2)
strait (8117,3)
strateg (3168,1)
stream (8117,1)
strength (3533,1) (4944,1) (8746,1)
stress (2618,1)
stretch (14293,1)
strictli (9203,1)
strike (2618,1) (5092,1)
strong (2618,1) (4988,1) (5896,3)
stronger (2618,2)
struck (3396,1) (13270,1)
structur (10268,1)
studi (135,1) (4524,1) (7355,1) (9667,1) (11144,1)
subcommitte (4524,2) (6079,2)
subject (551,1) (11349,1) (13089,1)
subordi (8322,1)
subordin (3157,2)
subscrib (14099,1)
subsidi (4988,2) (9667,1)
subsidiari (3396,1) (5402,1) (7964,2) (7997,2) (14604,1)
subsidis (7355,1)
substanti (10633,1)
substitut (9667,1)
success (9203,1)
such (4988,1) (7355,3) (10091,2) (10268,1)
suffer (1069,1)
sugar (3701,4)
suggest (8746,2) (9036,1) (10091,1)
suit (6425,3)
sulfid (9204,2)
summer (4524,1)
superior (11144,2)
suppli (59,1) (797,1) (4944,1) (4988,1) (10268,1)
supplier (4988,1) (11144,1)
support (5896,3) (9667,1) (10091,1) (10268,1)
surpass (8746,1)
surplu (5092,1)
surpris (8746,1)
sustain (4944,1) (8746,1)
swap (10091,1) (10268,1)
sweden (338,3)
sweet (2881,2)
swiss (9204,1)
switzerland (797,1)
syndic (11144,1)
system (307,1) (4178,1) (5630,3) (6425,1) (9203,1) (10633,6) (12732,1) (14099,2)
take (338,1) (797,1) (1855,2) (2618,1) (6425,1) (8746,1) (9667,1) (10268,1) (13270,1) (14055,1)
take-up (307,1)
taken (11144,1)
takeov (9036,1) (11144,1)
talk (13089,1)
tampico/north (12164,1)
tank (5630,1)
tanker (5630,1)
tape (8574,1)
target (307,1) (6079,3) (10091,2) (10268,1) (12732,3)
tariff (59,1) (10268,1)
task (9036,1)
taunton (6287,3)
tax (3396,2) (7355,2) (8117,4) (8746,1) (11349,1) (14055,2)
tax-loss (3396,1)
taxpay (9667,1)
tbcx (5608,1)
tcoma (14099,1)
tea (10268,1)
technic (5896,1) (10096,1)
techniqu (4524,1)
technolog (797,1) (7504,1)
tektronix (10401,2)
telc (4178,1)
telco (4178,2)
telcom (551,3)
tele (10895,1)
tele-commun (10895,2) (14099,3)
televis (551,1) (14099,1)
tell (9667,1)
temperatur (1069,3)
temporari (6425,1) (10268,1)
temporarili (10096,1)
ten (11385,1)
tendenc (9203,1)
tender (9036,1) (10268,1) (11144,2) (12500,1)
tenn. (12356,1)
tent (9667,1) (14604,1)
term (764,1) (797,1) (4944,1) (5253,1) (5608,1) (8746,1) (9203,1) (10091,1) (11527,1) (14099,1)
termin (5630,1) (11349,1)
test (10091,1)
testifi (4524,1) (9667,1)
testimoni (9667,1)
texa (6425,2) (11143,1)
texaco (9031,1)
textil (10268,1)
th (2618,1)
thai (9203,1)
thailand (9203,1)
than (2618,2) (3396,1) (4944,2) (4988,4) (5253,1) (5896,2) (6079,1) (8580,1) (9667,4) (10091,1) (10268,2) (11349,1)
that (135,1) (2618,13) (2872,1) (2881,2) (3168,1) (3396,7) (3701,1) (4524,5) (4944,17) (4988,9) (5253,1) (5896,5) (6425,2) (7355,4) (8746,11) (9036,1) (9203,3) (9667,12) (10091,7) (10268,6) (10633,1) (11144,7) (11349,1) (12732,1) (14055,4) (14604,1)
the (59,6) (135,5) (307,5) (338,7) (551,7) (797,3) (1069,6) (2618,41) (2872,4) (2881,11) (3157,9) (3168,2) (3396,28) (3533,8) (3701,5) (4178,1) (4386,3) (4524,14) (4944,46) (4988,18) (5092,8) (5253,18) (5608,2) (5630,8) (5896,21) (6079,12) (6287,4) (6425,6) (7158,3) (7355,23) (7504,1) (7736,3) (7963,7) (7964,6) (7997,4) (8117,16) (8322,7) (8574,4) (8746,80) (9031,3) (9036,14) (9203,38) (9204,5) (9667,41) (10091,26) (10096,4) (10268,41) (10633,12) (10892,1) (10895,6) (11143,5) (11144,25) (11349,18) (11371,4) (11385,11) (11527,1) (12356,3) (12500,2) (12538,1) (12732,13) (13089,3) (13270,3) (14055,3) (14293,7) (14604,4)
their (3396,1) (7997,2) (8746,4) (9203,1) (9204,1) (9667,1) (10091,1) (10268,1) (10633,3) (11144,1) (11349,1) (12356,2) (13270,1)
them (2618,1) (3396,1) (8746,2) (14055,1)
themselv (4944,1)
then (4988,1) (9667,1) (10633,1) (14055,1)
theori (10633,1)
therbi (4988,1)
there (2618,1) (2881,1) (3396,2) (4944,2) (4988,1) (7167,1) (7355,1) (8574,1) (8746,1) (9667,1) (10091,1) (10633,1) (14293,2)
therefor (6079,1)
thermoplast (9204,1)
these (7355,3) (9036,1) (12732,1)
they (2618,4) (2881,1) (3396,3) (3701,1) (4944,2) (4988,1) (5896,3) (7997,2) (8574,2) (9203,8) (10268,4) (12356,6) (13270,2)
thi (59,1) (307,1) (1069,1) (2618,9) (2881,1) (3701,1) (4524,2) (4944,7) (4988,6) (5253,2) (6079,2) (7355,2) (8117,1) (8574,1) (8746,3) (9031,1) (9203,3) (9667,1) (10091,3) (10268,2) (10633,1) (11349,1) (11385,3) (12732,1) (13270,1) (14293,2)
thing (2618,1)
think (4988,1) (8574,1)
third (5092,1) (8746,1)
those (59,1) (4988,1) (7355,1) (8746,1) (9667,1)
though (3396,1) (5896,1)
thought (2618,1) (10091,1)
threat (8117,1)
three (2618,2) (5253,1) (5896,1) (8117,1) (8746,3) (9667,1) (10268,1) (10892,2)
thrid (10096,1)
through (1069,2) (4988,1) (8117,1) (8746,1) (9203,2) (11385,1)
throughout (11144,1)
throughput (4386,1)
thu (5253,1) (7355,1)
tie (5092,1)
tight (9667,1) (10268,1) (14055,1)
tighten (2618,1) (9203,1)
tighter (2618,2)
tim (6079,1)
time (4988,1) (5630,1) (7355,3) (7963,1) (8117,2) (8587,2)
tin (9203,2)
tkr (14099,1)
to (59,1) (95,2) (135,3) (307,1) (338,3) (551,7) (797,3) (1069,6) (2618,19) (2872,2) (2881,4) (3157,2) (3168,6) (3396,9) (3701,1) (4178,2) (4386,3) (4524,8) (4944,22) (4988,14) (5092,5) (5253,10) (5608,2) (5630,3) (5896,6) (6079,7) (6287,1) (6425,2) (7158,3) (7167,1) (7355,11) (7504,1) (7736,1) (7963,2) (7964,5) (7997,2) (8117,13) (8322,1) (8574,3) (8580,1) (8587,2) (8746,18) (9031,6) (9036,5) (9203,22) (9204,3) (9499,2) (9667,29) (10065,2) (10091,8) (10096,1) (10268,26) (10633,6) (10892,1) (10895,4) (11144,12) (11349,10) (11385,3) (11940,1) (11947,2) (12356,1) (12500,1) (12732,11) (13089,4) (13270,5) (14055,9) (14099,1) (14293,2) (14604,1)
tobacco (10268,1)
today (59,1) (307,2) (3168,1) (3533,1) (4386,1) (4944,1) (4988,1) (6079,1) (8574,1) (8746,1) (10091,1) (11144,1) (11385,1) (12500,1)
tog (7709,1)
togeth (2618,1) (10091,1)
toi (6425,1)
told (338,1) (3396,4) (3701,1) (4988,1) (7997,1) (8117,1) (9203,2) (10268,2) (10633,1) (11143,1) (12356,1) (13270,1) (14055,2)
tom (5896,1)
tomorrow (1069,1) (9667,2) (11385,1)
ton (5630,1) (12164,1)
tonight (1069,1)
tonn (3701,5) (4988,9) (9203,5) (10268,1) (11385,2) (12500,4) (14603,1)
too (2618,1) (3396,1) (8117,1) (10633,1)
took (338,1) (9667,1)
total (135,1) (5092,1) (10268,2) (11143,1) (12356,1)
toward (10091,2) (10633,1)
trade (59,2) (338,3) (2618,4) (2881,4) (3533,1) (3701,1) (4524,2) (4988,1) (5896,1) (8117,1) (8746,4) (10268,25) (10633,2) (10895,1) (11144,1) (12500,1) (12732,1) (14603,1)
trade-weight (3533,1) (4944,1) (10633,1)
trademark (9204,1)
trader (5896,1) (9203,6) (10633,1)
tradit (338,1)
tran (3157,1)
transact (307,1) (551,1) (3396,3) (4524,1) (9667,1) (10895,1) (11349,3)
transamerican (6425,9)
transfer (5092,1) (5630,1)
translat (4372,1)
transport (3157,1) (9667,2)
traver (3168,1)
treasur (3396,1)
treasuri (307,1) (14293,1)
treat (11349,1)
trend (4944,1)
truck (4944,1)
true (11144,1)
trustco (7736,3)
tsbk (6287,1)
turn (3701,1)
turnaround (5630,1)
twa (3157,4)
twice (2618,1)
two (95,2) (1069,4) (2881,1) (4524,1) (4988,1) (5253,1) (6079,1) (6425,1) (7504,1) (8117,1) (8746,2) (9204,1) (10091,1) (10268,2) (10859,2) (12164,1) (12356,1)
two-third (8117,1)
tx (9031,1)
u (3157,1)
u. (2618,2) (4944,1) (4988,1) (5630,1) (8746,1)
u.k (10091,1)
u.k. (307,1) (7355,2) (10091,2)
u.n (338,1)
u.n. (9203,1)
u.s. (95,2) (2618,12) (2872,2) (3157,1) (3365,2) (3396,1) (4524,1) (4944,8) (4988,6) (5059,2) (5092,1) (6079,2) (6425,1) (8574,2) (8746,14) (9667,2) (10633,1) (13270,1) (14293,3)
u.s./ussr (4988,1)
uk (5254,2) (7355,1)
ultim (9203,1)
unavail (5092,1) (7355,1) (13270,1)
uncertain (3157,1)
uncertainti (9667,1)
unchang (2618,1) (5253,1) (10091,1)
unclear (9667,1)
under (764,1) (797,1) (3157,3) (4944,1) (4988,1) (5092,1) (7963,1) (9203,1) (9204,1) (9667,1)
underli (10091,1)
understand (10091,1) (12732,1)
undervalu (10091,1)
underway (797,1)
undevelop (7355,1) (8117,1)
undisclos (764,1) (797,1) (5608,1) (14099,1)
undiscov (8117,1)
unemploy (2618,1)
uneven (8746,1)
unfund (3396,1)
unhappi (9203,1)
unifi (10633,2)
uniform (2618,1)
unilater (338,1)
union (1069,1) (4988,3) (5608,1) (10268,1) (12538,1)
unit (764,1) (797,2) (3157,3) (3168,1) (3396,1) (4944,4) (7964,1) (7997,1) (8746,3) (10633,1) (12500,1)
univers (8574,1)
unlaw (6425,1)
unless (11349,1) (14055,1)
unlik (9203,3)
unsolicit (11144,2)
unspecifi (11349,1)
until (7193,1) (10091,1)
unveil (10091,1)
up (59,5) (2618,3) (2886,1) (3533,1) (4944,3) (5253,1) (5630,1) (6079,1) (7355,1) (8746,3) (9031,2) (9204,1) (9667,1) (10091,1) (10268,3) (11144,1) (14055,1)
upham (2618,1)
uplift (7355,1)
upon (10268,1)
urg (11144,1)
us (4944,1) (10091,1)
usair (3157,10)
usda (4988,4) (5896,2) (9667,7)
use (4524,2) (9204,2) (9667,6) (10268,1) (11144,1)
ussr (1069,1) (4988,3)
utah (11349,2)
util (4944,1)
valu (551,1) (3396,4) (4944,1) (5092,2) (7193,1) (8117,1) (8746,2) (11144,3) (11349,2)
variou (3701,1) (8746,1) (11349,1)
variti (5092,4)
vat (5092,1)
venezuela (10268,1)
ventur (9031,1) (9204,4) (14099,1)
verbal (10268,1)
veri (2618,2) (3396,1) (4988,1) (10091,1) (10633,1)
versu (59,1)
vessel (59,1) (5630,1)
viabl (9203,2)
vice (4524,1)
vice-presid (2881,1)
video (1264,1)
view (9203,2)
virginia (12538,1)
vis-a-vi (2618,1)
visit (8574,1)
vist (3954,1)
vista (3954,1)
volatil (8746,1)
volcker (4944,2) (14055,6)
volt (4372,2)
volum (8746,2)
vote (7963,1) (9036,1) (11349,1)
vs (1264,3) (1638,7) (2049,1) (2886,1) (3954,6) (4372,4) (4729,4) (5402,2) (6041,4) (6273,6) (7167,1) (7193,4) (7709,1) (7990,1) (8580,6) (8741,4) (10401,2) (10439,1)
wa (135,1) (2618,2) (3396,4) (3533,1) (4944,4) (4988,1) (5253,2) (5608,1) (5896,1) (6079,2) (6287,2) (7167,1) (8746,3) (9036,1) (9203,8) (9667,2) (10091,1) (10268,1) (11144,2) (13089,1) (13270,1)
wage (2618,2) (8746,1)
wagner (9036,1) (11144,2)
wait (2618,1)
wallaceburg (797,1)
want (4944,1) (9203,1) (10091,2) (10268,1) (14055,1)
warmli (6079,1)
warwick (14099,1)
washington (13270,1)
waterway (11385,2)
way (2618,1) (3168,1) (4524,3) (8746,1) (9667,1) (10633,1) (14055,1)
wayn (12538,1)
we (2618,3) (2881,1) (3168,2) (3396,2) (4944,1) (4988,1) (5896,1) (8574,2) (10091,9) (10268,3) (10633,1) (12732,1) (14055,1)
weak (2618,2) (8117,1) (8746,1)
weaker (4944,2) (8746,1)
weather (4988,1) (5630,1)
wedger (11527,1)
week (59,4) (95,2) (2618,3) (2872,1) (2881,1) (4988,3) (5059,2) (5896,1) (7355,1) (8746,1) (9036,1) (9667,2) (10091,1) (11143,1) (12732,2) (13270,1) (14293,2)
weigh (5896,1)
welcom (9203,1) (12732,1)
well (3157,2) (3396,1) (4944,2) (10268,1) (11144,1)
welland (11385,1)
went (6287,1) (8741,1) (8746,1)
were (797,1) (1069,1) (2618,2) (3396,4) (4988,1) (5092,1) (5896,1) (8746,1) (9203,3) (10091,2) (10268,1) (11527,1) (13270,1)
west (3701,2) (5253,1) (8746,1) (12538,1) (13270,1)
western (1069,2) (6079,1) (10633,1) (14293,1)
westpac (12732,1)
what (338,1) (2618,2) (4944,2) (4988,1) (10091,2)
wheat (1069,6) (4524,1) (4988,2) (6079,4) (10268,1) (12500,2)
when (338,1) (4944,1) (7355,2) (8574,1) (9036,1) (9203,1) (10091,1) (10268,1) (11144,1) (11385,1) (13270,1) (14293,1)
where (8746,1) (11144,1)
whether (9667,1) (10091,1)
whi (10268,1)
which (551,2) (3168,1) (3396,2) (4944,3) (4988,1) (5896,2) (6287,1) (7355,2) (7736,1) (7963,1) (8746,3) (9036,1) (9203,3) (9204,1) (10091,1) (10268,5) (10633,1) (11143,2) (11385,2)
while (2618,1) (3533,1) (4944,1) (5896,2) (7355,1) (8746,1) (9203,1) (10633,1) (12356,1)
who (2881,1) (6079,1) (9203,1) (9667,1) (10268,1) (11349,1) (12356,1)
wholli (797,1)
whose (8746,2)
wick (8322,4)
wide (7504,1) (9204,1)
widen (2618,1)
widespread (4524,1)
wildwood (14099,1)
will (307,3) (338,3) (1069,1) (2881,4) (3157,1) (3396,2) (4386,1) (4944,2) (4988,2) (5630,2) (5896,3) (7355,8) (7504,1) (7964,4) (8322,2) (8574,1) (8746,12) (9031,2) (9203,3) (9204,3) (10096,1) (10268,1) (11349,3) (11371,1) (12732,1) (14055,1) (14604,2)
william (11144,1) (12356,1) (14055,1)
windfal (4524,1)
winter (1069,5)
winterkil (1069,5)
with (59,2) (135,1) (338,2) (1069,2) (2618,3) (2881,1) (3157,2) (3168,2) (3396,4) (4386,2) (4524,1) (4944,4) (4988,3) (5896,1) (6425,3) (8117,1) (8746,4) (9036,1) (9203,4) (9204,1) (9667,1) (10091,3) (10096,1) (10268,3) (10633,1) (10892,1) (10895,3) (11144,3) (11349,1) (12356,1) (14099,2) (14604,1)
withdrawn (9036,1)
withdrew (9036,1)
within (4524,1)
without (1855,2) (6425,1) (9203,2)
wix (8322,1)
wood (7355,1)
work (2618,6) (4944,1) (12356,1)
worker (2618,1)
world (2881,1) (3157,1) (4524,1) (4988,1) (8117,1) (9203,6) (10633,1) (14293,1)
worsen (8746,1)
worth (3168,1) (3396,1) (9667,2) (10268,2)
would (551,1) (764,1) (797,1) (3157,1) (3396,3) (3701,1) (4524,1) (5092,2) (6079,7) (6287,1) (6425,1) (7355,2) (7963,1) (8117,1) (8746,1) (9036,1) (9203,5) (9204,2) (9667,2) (10091,1) (10633,2) (11144,4) (12732,1) (14055,6) (14293,1) (14604,1)
writeoff (14055,2)
wyss (4944,3)
yaik (9203,1)
yale (7964,1)
yanke (7964,4)
year (1638,1) (2881,2) (3396,2) (4524,1) (4944,1) (4988,2) (5092,1) (5402,1) (5896,3) (6079,1) (7158,1) (7193,1) (7736,2) (7963,1) (8117,3) (8741,2) (8746,13) (9203,1) (9667,2) (10268,2) (10633,1) (11144,1) (11349,1) (11385,3)
year-earli (7736,1)
year-end (12732,1)
yesterday (59,2) (1069,1) (4944,1) (5896,1) (6425,2) (12732,2)
yet (3701,1) (7355,1) (8117,2) (10633,1) (11144,1) (14293,1)
yield (5253,1) (6079,1)
ynk (7964,1)
york (3396,1) (9203,1)
you (2618,1) (4524,2) (4944,1) (14055,3)
yr-ago (1638,1)
yugoslavia (10268,1)
zealand (12732,3)
zimbabw (10268,1)
zuckerman (3396,1)
